Dado,Label,Predição,Avaliação,Label_Cod,Predicao_Cod,Precisao,Recall,F-Measure
42,correto,P-correto,VP,1,1,0.977039770397704,0.9193672839506173,0.947326575233552
43,correto,P-correto,VP,1,1,0.977039770397704,0.9193672839506173,0.947326575233552
45,incorreto,P-incorreto,VN,0,0,0.977039770397704,0.9193672839506173,0.947326575233552
56,incorreto,P-incorreto,VN,0,0,0.977039770397704,0.9193672839506173,0.947326575233552
41,correto,P-correto,VP,1,1,0.977039770397704,0.9193672839506173,0.947326575233552
41,correto,P-correto,VP,1,1,0.977039770397704,0.9193672839506173,0.947326575233552
42,correto,P-correto,VP,1,1,0.977039770397704,0.9193672839506173,0.947326575233552
42,correto,P-correto,VP,1,1,0.977039770397704,0.9193672839506173,0.947326575233552
42,correto,P-correto,VP,1,1,0.977039770397704,0.9193672839506173,0.947326575233552
42,correto,P-correto,VP,1,1,0.977039770397704,0.9193672839506173,0.947326575233552
41,correto,P-correto,VP,1,1,0.977039770397704,0.9193672839506173,0.947326575233552
41,correto,P-incorreto,FP,1,0,0.977039770397704,0.9193672839506173,0.947326575233552
41,correto,P-incorreto,FP,1,0,0.977039770397704,0.9193672839506173,0.947326575233552
42,correto,P-correto,VP,1,1,0.977039770397704,0.9193672839506173,0.947326575233552
42,correto,P-correto,VP,1,1,0.977039770397704,0.9193672839506173,0.947326575233552
42,correto,P-correto,VP,1,1,0.977039770397704,0.9193672839506173,0.947326575233552
29,incorreto,P-incorreto,VN,0,0,0.977039770397704,0.9193672839506173,0.947326575233552
43,correto,P-correto,VP,1,1,0.977039770397704,0.9193672839506173,0.947326575233552
42,correto,P-correto,VP,1,1,0.977039770397704,0.9193672839506173,0.947326575233552
41,correto,P-correto,VP,1,1,0.977039770397704,0.9193672839506173,0.947326575233552
42,incorreto,P-incorreto,VN,0,0,0.977039770397704,0.9193672839506173,0.947326575233552
41,correto,P-correto,VP,1,1,0.977039770397704,0.9193672839506173,0.947326575233552
42,correto,P-correto,VP,1,1,0.977039770397704,0.9193672839506173,0.947326575233552
42,correto,P-incorreto,FP,1,0,0.977039770397704,0.9193672839506173,0.947326575233552
42,correto,P-correto,VP,1,1,0.977039770397704,0.9193672839506173,0.947326575233552
42,correto,P-correto,VP,1,1,0.977039770397704,0.9193672839506173,0.947326575233552
42,correto,P-correto,VP,1,1,0.977039770397704,0.9193672839506173,0.947326575233552
42,correto,P-correto,VP,1,1,0.977039770397704,0.9193672839506173,0.947326575233552
41,correto,P-correto,VP,1,1,0.977039770397704,0.9193672839506173,0.947326575233552
42,correto,P-correto,VP,1,1,0.977039770397704,0.9193672839506173,0.947326575233552
42,correto,P-correto,VP,1,1,0.977039770397704,0.9193672839506173,0.947326575233552
50,incorreto,P-incorreto,VN,0,0,0.977039770397704,0.9193672839506173,0.947326575233552
43,correto,P-correto,VP,1,1,0.977039770397704,0.9193672839506173,0.947326575233552
42,correto,P-correto,VP,1,1,0.977039770397704,0.9193672839506173,0.947326575233552
42,correto,P-incorreto,FP,1,0,0.977039770397704,0.9193672839506173,0.947326575233552
41,correto,P-correto,VP,1,1,0.977039770397704,0.9193672839506173,0.947326575233552
42,correto,P-correto,VP,1,1,0.977039770397704,0.9193672839506173,0.947326575233552
41,correto,P-correto,VP,1,1,0.977039770397704,0.9193672839506173,0.947326575233552
41,correto,P-correto,VP,1,1,0.977039770397704,0.9193672839506173,0.947326575233552
43,correto,P-correto,VP,1,1,0.977039770397704,0.9193672839506173,0.947326575233552
41,correto,P-incorreto,FP,1,0,0.977039770397704,0.9193672839506173,0.947326575233552
42,correto,P-correto,VP,1,1,0.977039770397704,0.9193672839506173,0.947326575233552
41,correto,P-correto,VP,1,1,0.977039770397704,0.9193672839506173,0.947326575233552
42,correto,P-correto,VP,1,1,0.977039770397704,0.9193672839506173,0.947326575233552
43,correto,P-correto,VP,1,1,0.977039770397704,0.9193672839506173,0.947326575233552
42,correto,P-incorreto,FP,1,0,0.977039770397704,0.9193672839506173,0.947326575233552
41,correto,P-correto,VP,1,1,0.977039770397704,0.9193672839506173,0.947326575233552
42,correto,P-correto,VP,1,1,0.977039770397704,0.9193672839506173,0.947326575233552
42,correto,P-correto,VP,1,1,0.977039770397704,0.9193672839506173,0.947326575233552
42,correto,P-correto,VP,1,1,0.977039770397704,0.9193672839506173,0.947326575233552
42,correto,P-correto,VP,1,1,0.977039770397704,0.9193672839506173,0.947326575233552
43,correto,P-correto,VP,1,1,0.977039770397704,0.9193672839506173,0.947326575233552
42,correto,P-correto,VP,1,1,0.977039770397704,0.9193672839506173,0.947326575233552
43,correto,P-correto,VP,1,1,0.977039770397704,0.9193672839506173,0.947326575233552
42,correto,P-incorreto,FP,1,0,0.977039770397704,0.9193672839506173,0.947326575233552
42,correto,P-correto,VP,1,1,0.977039770397704,0.9193672839506173,0.947326575233552
38,incorreto,P-incorreto,VN,0,0,0.977039770397704,0.9193672839506173,0.947326575233552
42,correto,P-correto,VP,1,1,0.977039770397704,0.9193672839506173,0.947326575233552
42,correto,P-correto,VP,1,1,0.977039770397704,0.9193672839506173,0.947326575233552
42,correto,P-correto,VP,1,1,0.977039770397704,0.9193672839506173,0.947326575233552
42,correto,P-correto,VP,1,1,0.977039770397704,0.9193672839506173,0.947326575233552
43,correto,P-correto,VP,1,1,0.977039770397704,0.9193672839506173,0.947326575233552
42,correto,P-correto,VP,1,1,0.977039770397704,0.9193672839506173,0.947326575233552
41,correto,P-correto,VP,1,1,0.977039770397704,0.9193672839506173,0.947326575233552
42,correto,P-correto,VP,1,1,0.977039770397704,0.9193672839506173,0.947326575233552
41,correto,P-correto,VP,1,1,0.977039770397704,0.9193672839506173,0.947326575233552
42,correto,P-incorreto,FP,1,0,0.977039770397704,0.9193672839506173,0.947326575233552
42,correto,P-correto,VP,1,1,0.977039770397704,0.9193672839506173,0.947326575233552
42,correto,P-correto,VP,1,1,0.977039770397704,0.9193672839506173,0.947326575233552
42,correto,P-correto,VP,1,1,0.977039770397704,0.9193672839506173,0.947326575233552
42,correto,P-correto,VP,1,1,0.977039770397704,0.9193672839506173,0.947326575233552
42,correto,P-correto,VP,1,1,0.977039770397704,0.9193672839506173,0.947326575233552
43,correto,P-correto,VP,1,1,0.977039770397704,0.9193672839506173,0.947326575233552
42,correto,P-correto,VP,1,1,0.977039770397704,0.9193672839506173,0.947326575233552
42,correto,P-correto,VP,1,1,0.977039770397704,0.9193672839506173,0.947326575233552
43,correto,P-correto,VP,1,1,0.977039770397704,0.9193672839506173,0.947326575233552
42,correto,P-correto,VP,1,1,0.977039770397704,0.9193672839506173,0.947326575233552
42,correto,P-correto,VP,1,1,0.977039770397704,0.9193672839506173,0.947326575233552
42,correto,P-correto,VP,1,1,0.977039770397704,0.9193672839506173,0.947326575233552
35,incorreto,P-incorreto,VN,0,0,0.977039770397704,0.9193672839506173,0.947326575233552
43,correto,P-correto,VP,1,1,0.977039770397704,0.9193672839506173,0.947326575233552
42,correto,P-correto,VP,1,1,0.977039770397704,0.9193672839506173,0.947326575233552
42,correto,P-correto,VP,1,1,0.977039770397704,0.9193672839506173,0.947326575233552
42,correto,P-correto,VP,1,1,0.977039770397704,0.9193672839506173,0.947326575233552
42,correto,P-correto,VP,1,1,0.977039770397704,0.9193672839506173,0.947326575233552
43,correto,P-incorreto,FP,1,0,0.977039770397704,0.9193672839506173,0.947326575233552
43,correto,P-correto,VP,1,1,0.977039770397704,0.9193672839506173,0.947326575233552
42,correto,P-correto,VP,1,1,0.977039770397704,0.9193672839506173,0.947326575233552
41,correto,P-correto,VP,1,1,0.977039770397704,0.9193672839506173,0.947326575233552
42,correto,P-correto,VP,1,1,0.977039770397704,0.9193672839506173,0.947326575233552
41,correto,P-correto,VP,1,1,0.977039770397704,0.9193672839506173,0.947326575233552
43,correto,P-correto,VP,1,1,0.977039770397704,0.9193672839506173,0.947326575233552
42,correto,P-correto,VP,1,1,0.977039770397704,0.9193672839506173,0.947326575233552
42,correto,P-correto,VP,1,1,0.977039770397704,0.9193672839506173,0.947326575233552
42,correto,P-correto,VP,1,1,0.977039770397704,0.9193672839506173,0.947326575233552
46,incorreto,P-incorreto,VN,0,0,0.977039770397704,0.9193672839506173,0.947326575233552
41,incorreto,P-incorreto,VN,0,0,0.977039770397704,0.9193672839506173,0.947326575233552
42,correto,P-correto,VP,1,1,0.977039770397704,0.9193672839506173,0.947326575233552
41,correto,P-correto,VP,1,1,0.977039770397704,0.9193672839506173,0.947326575233552
42,correto,P-correto,VP,1,1,0.977039770397704,0.9193672839506173,0.947326575233552
41,correto,P-correto,VP,1,1,0.977039770397704,0.9193672839506173,0.947326575233552
42,correto,P-correto,VP,1,1,0.977039770397704,0.9193672839506173,0.947326575233552
42,correto,P-correto,VP,1,1,0.977039770397704,0.9193672839506173,0.947326575233552
42,correto,P-correto,VP,1,1,0.977039770397704,0.9193672839506173,0.947326575233552
42,correto,P-correto,VP,1,1,0.977039770397704,0.9193672839506173,0.947326575233552
42,correto,P-correto,VP,1,1,0.977039770397704,0.9193672839506173,0.947326575233552
42,correto,P-correto,VP,1,1,0.977039770397704,0.9193672839506173,0.947326575233552
42,correto,P-correto,VP,1,1,0.977039770397704,0.9193672839506173,0.947326575233552
42,correto,P-correto,VP,1,1,0.977039770397704,0.9193672839506173,0.947326575233552
43,correto,P-correto,VP,1,1,0.977039770397704,0.9193672839506173,0.947326575233552
42,correto,P-correto,VP,1,1,0.977039770397704,0.9193672839506173,0.947326575233552
42,correto,P-correto,VP,1,1,0.977039770397704,0.9193672839506173,0.947326575233552
30,incorreto,P-incorreto,VN,0,0,0.977039770397704,0.9193672839506173,0.947326575233552
42,correto,P-correto,VP,1,1,0.977039770397704,0.9193672839506173,0.947326575233552
42,correto,P-incorreto,FP,1,0,0.977039770397704,0.9193672839506173,0.947326575233552
42,correto,P-correto,VP,1,1,0.977039770397704,0.9193672839506173,0.947326575233552
49,incorreto,P-incorreto,VN,0,0,0.977039770397704,0.9193672839506173,0.947326575233552
42,correto,P-correto,VP,1,1,0.977039770397704,0.9193672839506173,0.947326575233552
41,correto,P-correto,VP,1,1,0.977039770397704,0.9193672839506173,0.947326575233552
41,correto,P-correto,VP,1,1,0.977039770397704,0.9193672839506173,0.947326575233552
42,incorreto,P-correto,FN,0,1,0.977039770397704,0.9193672839506173,0.947326575233552
33,incorreto,P-incorreto,VN,0,0,0.977039770397704,0.9193672839506173,0.947326575233552
42,correto,P-correto,VP,1,1,0.977039770397704,0.9193672839506173,0.947326575233552
42,correto,P-correto,VP,1,1,0.977039770397704,0.9193672839506173,0.947326575233552
48,incorreto,P-incorreto,VN,0,0,0.977039770397704,0.9193672839506173,0.947326575233552
41,correto,P-correto,VP,1,1,0.977039770397704,0.9193672839506173,0.947326575233552
42,correto,P-incorreto,FP,1,0,0.977039770397704,0.9193672839506173,0.947326575233552
41,correto,P-correto,VP,1,1,0.977039770397704,0.9193672839506173,0.947326575233552
42,correto,P-correto,VP,1,1,0.977039770397704,0.9193672839506173,0.947326575233552
46,incorreto,P-incorreto,VN,0,0,0.977039770397704,0.9193672839506173,0.947326575233552
42,correto,P-correto,VP,1,1,0.977039770397704,0.9193672839506173,0.947326575233552
42,correto,P-correto,VP,1,1,0.977039770397704,0.9193672839506173,0.947326575233552
42,correto,P-correto,VP,1,1,0.977039770397704,0.9193672839506173,0.947326575233552
42,correto,P-incorreto,FP,1,0,0.977039770397704,0.9193672839506173,0.947326575233552
41,correto,P-correto,VP,1,1,0.977039770397704,0.9193672839506173,0.947326575233552
52,incorreto,P-incorreto,VN,0,0,0.977039770397704,0.9193672839506173,0.947326575233552
41,correto,P-correto,VP,1,1,0.977039770397704,0.9193672839506173,0.947326575233552
42,correto,P-correto,VP,1,1,0.977039770397704,0.9193672839506173,0.947326575233552
42,correto,P-correto,VP,1,1,0.977039770397704,0.9193672839506173,0.947326575233552
42,correto,P-correto,VP,1,1,0.977039770397704,0.9193672839506173,0.947326575233552
42,correto,P-correto,VP,1,1,0.977039770397704,0.9193672839506173,0.947326575233552
42,correto,P-correto,VP,1,1,0.977039770397704,0.9193672839506173,0.947326575233552
42,correto,P-correto,VP,1,1,0.977039770397704,0.9193672839506173,0.947326575233552
42,correto,P-correto,VP,1,1,0.977039770397704,0.9193672839506173,0.947326575233552
57,incorreto,P-incorreto,VN,0,0,0.977039770397704,0.9193672839506173,0.947326575233552
43,correto,P-correto,VP,1,1,0.977039770397704,0.9193672839506173,0.947326575233552
42,correto,P-correto,VP,1,1,0.977039770397704,0.9193672839506173,0.947326575233552
42,correto,P-incorreto,FP,1,0,0.977039770397704,0.9193672839506173,0.947326575233552
42,correto,P-correto,VP,1,1,0.977039770397704,0.9193672839506173,0.947326575233552
41,correto,P-correto,VP,1,1,0.977039770397704,0.9193672839506173,0.947326575233552
42,correto,P-incorreto,FP,1,0,0.977039770397704,0.9193672839506173,0.947326575233552
42,correto,P-correto,VP,1,1,0.977039770397704,0.9193672839506173,0.947326575233552
42,correto,P-correto,VP,1,1,0.977039770397704,0.9193672839506173,0.947326575233552
42,correto,P-incorreto,FP,1,0,0.977039770397704,0.9193672839506173,0.947326575233552
43,correto,P-correto,VP,1,1,0.977039770397704,0.9193672839506173,0.947326575233552
50,incorreto,P-incorreto,VN,0,0,0.977039770397704,0.9193672839506173,0.947326575233552
42,correto,P-correto,VP,1,1,0.977039770397704,0.9193672839506173,0.947326575233552
42,correto,P-incorreto,FP,1,0,0.977039770397704,0.9193672839506173,0.947326575233552
43,correto,P-correto,VP,1,1,0.977039770397704,0.9193672839506173,0.947326575233552
42,correto,P-correto,VP,1,1,0.977039770397704,0.9193672839506173,0.947326575233552
41,correto,P-correto,VP,1,1,0.977039770397704,0.9193672839506173,0.947326575233552
42,correto,P-correto,VP,1,1,0.977039770397704,0.9193672839506173,0.947326575233552
42,correto,P-correto,VP,1,1,0.977039770397704,0.9193672839506173,0.947326575233552
39,incorreto,P-incorreto,VN,0,0,0.977039770397704,0.9193672839506173,0.947326575233552
43,correto,P-correto,VP,1,1,0.977039770397704,0.9193672839506173,0.947326575233552
42,correto,P-incorreto,FP,1,0,0.977039770397704,0.9193672839506173,0.947326575233552
42,correto,P-correto,VP,1,1,0.977039770397704,0.9193672839506173,0.947326575233552
42,correto,P-correto,VP,1,1,0.977039770397704,0.9193672839506173,0.947326575233552
42,correto,P-correto,VP,1,1,0.977039770397704,0.9193672839506173,0.947326575233552
42,correto,P-correto,VP,1,1,0.977039770397704,0.9193672839506173,0.947326575233552
42,correto,P-correto,VP,1,1,0.977039770397704,0.9193672839506173,0.947326575233552
49,incorreto,P-incorreto,VN,0,0,0.977039770397704,0.9193672839506173,0.947326575233552
42,correto,P-correto,VP,1,1,0.977039770397704,0.9193672839506173,0.947326575233552
42,correto,P-correto,VP,1,1,0.977039770397704,0.9193672839506173,0.947326575233552
43,correto,P-correto,VP,1,1,0.977039770397704,0.9193672839506173,0.947326575233552
41,correto,P-correto,VP,1,1,0.977039770397704,0.9193672839506173,0.947326575233552
42,correto,P-correto,VP,1,1,0.977039770397704,0.9193672839506173,0.947326575233552
41,correto,P-incorreto,FP,1,0,0.977039770397704,0.9193672839506173,0.947326575233552
42,correto,P-correto,VP,1,1,0.977039770397704,0.9193672839506173,0.947326575233552
42,correto,P-correto,VP,1,1,0.977039770397704,0.9193672839506173,0.947326575233552
42,correto,P-correto,VP,1,1,0.977039770397704,0.9193672839506173,0.947326575233552
42,correto,P-correto,VP,1,1,0.977039770397704,0.9193672839506173,0.947326575233552
44,incorreto,P-correto,FN,0,1,0.977039770397704,0.9193672839506173,0.947326575233552
43,correto,P-correto,VP,1,1,0.977039770397704,0.9193672839506173,0.947326575233552
41,correto,P-correto,VP,1,1,0.977039770397704,0.9193672839506173,0.947326575233552
42,correto,P-correto,VP,1,1,0.977039770397704,0.9193672839506173,0.947326575233552
42,correto,P-correto,VP,1,1,0.977039770397704,0.9193672839506173,0.947326575233552
42,correto,P-correto,VP,1,1,0.977039770397704,0.9193672839506173,0.947326575233552
56,incorreto,P-incorreto,VN,0,0,0.977039770397704,0.9193672839506173,0.947326575233552
42,correto,P-correto,VP,1,1,0.977039770397704,0.9193672839506173,0.947326575233552
42,correto,P-correto,VP,1,1,0.977039770397704,0.9193672839506173,0.947326575233552
43,correto,P-correto,VP,1,1,0.977039770397704,0.9193672839506173,0.947326575233552
60,incorreto,P-incorreto,VN,0,0,0.977039770397704,0.9193672839506173,0.947326575233552
42,correto,P-correto,VP,1,1,0.977039770397704,0.9193672839506173,0.947326575233552
42,correto,P-correto,VP,1,1,0.977039770397704,0.9193672839506173,0.947326575233552
42,correto,P-correto,VP,1,1,0.977039770397704,0.9193672839506173,0.947326575233552
42,correto,P-correto,VP,1,1,0.977039770397704,0.9193672839506173,0.947326575233552
42,correto,P-correto,VP,1,1,0.977039770397704,0.9193672839506173,0.947326575233552
41,correto,P-correto,VP,1,1,0.977039770397704,0.9193672839506173,0.947326575233552
42,correto,P-correto,VP,1,1,0.977039770397704,0.9193672839506173,0.947326575233552
42,correto,P-correto,VP,1,1,0.977039770397704,0.9193672839506173,0.947326575233552
43,correto,P-correto,VP,1,1,0.977039770397704,0.9193672839506173,0.947326575233552
43,correto,P-correto,VP,1,1,0.977039770397704,0.9193672839506173,0.947326575233552
42,correto,P-correto,VP,1,1,0.977039770397704,0.9193672839506173,0.947326575233552
42,correto,P-correto,VP,1,1,0.977039770397704,0.9193672839506173,0.947326575233552
43,correto,P-correto,VP,1,1,0.977039770397704,0.9193672839506173,0.947326575233552
42,correto,P-correto,VP,1,1,0.977039770397704,0.9193672839506173,0.947326575233552
41,correto,P-correto,VP,1,1,0.977039770397704,0.9193672839506173,0.947326575233552
42,correto,P-correto,VP,1,1,0.977039770397704,0.9193672839506173,0.947326575233552
43,correto,P-correto,VP,1,1,0.977039770397704,0.9193672839506173,0.947326575233552
42,correto,P-correto,VP,1,1,0.977039770397704,0.9193672839506173,0.947326575233552
42,correto,P-incorreto,FP,1,0,0.977039770397704,0.9193672839506173,0.947326575233552
43,correto,P-correto,VP,1,1,0.977039770397704,0.9193672839506173,0.947326575233552
43,correto,P-correto,VP,1,1,0.977039770397704,0.9193672839506173,0.947326575233552
42,correto,P-correto,VP,1,1,0.977039770397704,0.9193672839506173,0.947326575233552
42,correto,P-correto,VP,1,1,0.977039770397704,0.9193672839506173,0.947326575233552
42,correto,P-correto,VP,1,1,0.977039770397704,0.9193672839506173,0.947326575233552
42,correto,P-correto,VP,1,1,0.977039770397704,0.9193672839506173,0.947326575233552
42,correto,P-correto,VP,1,1,0.977039770397704,0.9193672839506173,0.947326575233552
42,correto,P-correto,VP,1,1,0.977039770397704,0.9193672839506173,0.947326575233552
42,correto,P-correto,VP,1,1,0.977039770397704,0.9193672839506173,0.947326575233552
42,correto,P-correto,VP,1,1,0.977039770397704,0.9193672839506173,0.947326575233552
42,correto,P-correto,VP,1,1,0.977039770397704,0.9193672839506173,0.947326575233552
42,correto,P-correto,VP,1,1,0.977039770397704,0.9193672839506173,0.947326575233552
59,incorreto,P-incorreto,VN,0,0,0.977039770397704,0.9193672839506173,0.947326575233552
41,correto,P-correto,VP,1,1,0.977039770397704,0.9193672839506173,0.947326575233552
41,correto,P-correto,VP,1,1,0.977039770397704,0.9193672839506173,0.947326575233552
42,correto,P-correto,VP,1,1,0.977039770397704,0.9193672839506173,0.947326575233552
42,correto,P-incorreto,FP,1,0,0.977039770397704,0.9193672839506173,0.947326575233552
42,correto,P-correto,VP,1,1,0.977039770397704,0.9193672839506173,0.947326575233552
40,correto,P-correto,VP,1,1,0.977039770397704,0.9193672839506173,0.947326575233552
42,correto,P-correto,VP,1,1,0.977039770397704,0.9193672839506173,0.947326575233552
42,correto,P-correto,VP,1,1,0.977039770397704,0.9193672839506173,0.947326575233552
42,correto,P-correto,VP,1,1,0.977039770397704,0.9193672839506173,0.947326575233552
43,correto,P-correto,VP,1,1,0.977039770397704,0.9193672839506173,0.947326575233552
43,correto,P-correto,VP,1,1,0.977039770397704,0.9193672839506173,0.947326575233552
43,correto,P-correto,VP,1,1,0.977039770397704,0.9193672839506173,0.947326575233552
42,correto,P-correto,VP,1,1,0.977039770397704,0.9193672839506173,0.947326575233552
42,correto,P-correto,VP,1,1,0.977039770397704,0.9193672839506173,0.947326575233552
42,correto,P-correto,VP,1,1,0.977039770397704,0.9193672839506173,0.947326575233552
41,correto,P-correto,VP,1,1,0.977039770397704,0.9193672839506173,0.947326575233552
43,correto,P-correto,VP,1,1,0.977039770397704,0.9193672839506173,0.947326575233552
43,correto,P-correto,VP,1,1,0.977039770397704,0.9193672839506173,0.947326575233552
38,incorreto,P-incorreto,VN,0,0,0.977039770397704,0.9193672839506173,0.947326575233552
43,correto,P-correto,VP,1,1,0.977039770397704,0.9193672839506173,0.947326575233552
42,correto,P-correto,VP,1,1,0.977039770397704,0.9193672839506173,0.947326575233552
41,correto,P-correto,VP,1,1,0.977039770397704,0.9193672839506173,0.947326575233552
43,correto,P-correto,VP,1,1,0.977039770397704,0.9193672839506173,0.947326575233552
42,correto,P-correto,VP,1,1,0.977039770397704,0.9193672839506173,0.947326575233552
42,correto,P-correto,VP,1,1,0.977039770397704,0.9193672839506173,0.947326575233552
41,incorreto,P-correto,FN,0,1,0.977039770397704,0.9193672839506173,0.947326575233552
41,correto,P-correto,VP,1,1,0.977039770397704,0.9193672839506173,0.947326575233552
42,correto,P-correto,VP,1,1,0.977039770397704,0.9193672839506173,0.947326575233552
42,correto,P-correto,VP,1,1,0.977039770397704,0.9193672839506173,0.947326575233552
42,correto,P-correto,VP,1,1,0.977039770397704,0.9193672839506173,0.947326575233552
65,incorreto,P-incorreto,VN,0,0,0.977039770397704,0.9193672839506173,0.947326575233552
42,correto,P-correto,VP,1,1,0.977039770397704,0.9193672839506173,0.947326575233552
24,incorreto,P-incorreto,VN,0,0,0.977039770397704,0.9193672839506173,0.947326575233552
42,correto,P-correto,VP,1,1,0.977039770397704,0.9193672839506173,0.947326575233552
42,correto,P-correto,VP,1,1,0.977039770397704,0.9193672839506173,0.947326575233552
42,correto,P-correto,VP,1,1,0.977039770397704,0.9193672839506173,0.947326575233552
42,correto,P-correto,VP,1,1,0.977039770397704,0.9193672839506173,0.947326575233552
42,correto,P-correto,VP,1,1,0.977039770397704,0.9193672839506173,0.947326575233552
43,correto,P-correto,VP,1,1,0.977039770397704,0.9193672839506173,0.947326575233552
42,correto,P-incorreto,FP,1,0,0.977039770397704,0.9193672839506173,0.947326575233552
42,incorreto,P-correto,FN,0,1,0.977039770397704,0.9193672839506173,0.947326575233552
42,correto,P-correto,VP,1,1,0.977039770397704,0.9193672839506173,0.947326575233552
42,correto,P-incorreto,FP,1,0,0.977039770397704,0.9193672839506173,0.947326575233552
42,correto,P-correto,VP,1,1,0.977039770397704,0.9193672839506173,0.947326575233552
42,correto,P-correto,VP,1,1,0.977039770397704,0.9193672839506173,0.947326575233552
42,correto,P-correto,VP,1,1,0.977039770397704,0.9193672839506173,0.947326575233552
42,correto,P-correto,VP,1,1,0.977039770397704,0.9193672839506173,0.947326575233552
43,correto,P-incorreto,FP,1,0,0.977039770397704,0.9193672839506173,0.947326575233552
41,correto,P-correto,VP,1,1,0.977039770397704,0.9193672839506173,0.947326575233552
43,correto,P-correto,VP,1,1,0.977039770397704,0.9193672839506173,0.947326575233552
42,correto,P-correto,VP,1,1,0.977039770397704,0.9193672839506173,0.947326575233552
42,correto,P-correto,VP,1,1,0.977039770397704,0.9193672839506173,0.947326575233552
35,incorreto,P-incorreto,VN,0,0,0.977039770397704,0.9193672839506173,0.947326575233552
43,correto,P-correto,VP,1,1,0.977039770397704,0.9193672839506173,0.947326575233552
43,correto,P-correto,VP,1,1,0.977039770397704,0.9193672839506173,0.947326575233552
41,correto,P-correto,VP,1,1,0.977039770397704,0.9193672839506173,0.947326575233552
41,correto,P-correto,VP,1,1,0.977039770397704,0.9193672839506173,0.947326575233552
42,correto,P-incorreto,FP,1,0,0.977039770397704,0.9193672839506173,0.947326575233552
40,correto,P-incorreto,FP,1,0,0.977039770397704,0.9193672839506173,0.947326575233552
42,correto,P-correto,VP,1,1,0.977039770397704,0.9193672839506173,0.947326575233552
41,correto,P-correto,VP,1,1,0.977039770397704,0.9193672839506173,0.947326575233552
37,incorreto,P-incorreto,VN,0,0,0.977039770397704,0.9193672839506173,0.947326575233552
42,correto,P-correto,VP,1,1,0.977039770397704,0.9193672839506173,0.947326575233552
42,correto,P-incorreto,FP,1,0,0.977039770397704,0.9193672839506173,0.947326575233552
42,correto,P-correto,VP,1,1,0.977039770397704,0.9193672839506173,0.947326575233552
41,correto,P-correto,VP,1,1,0.977039770397704,0.9193672839506173,0.947326575233552
42,correto,P-correto,VP,1,1,0.977039770397704,0.9193672839506173,0.947326575233552
42,correto,P-correto,VP,1,1,0.977039770397704,0.9193672839506173,0.947326575233552
43,correto,P-correto,VP,1,1,0.977039770397704,0.9193672839506173,0.947326575233552
42,correto,P-correto,VP,1,1,0.977039770397704,0.9193672839506173,0.947326575233552
41,correto,P-correto,VP,1,1,0.977039770397704,0.9193672839506173,0.947326575233552
43,correto,P-correto,VP,1,1,0.977039770397704,0.9193672839506173,0.947326575233552
42,correto,P-correto,VP,1,1,0.977039770397704,0.9193672839506173,0.947326575233552
42,correto,P-correto,VP,1,1,0.977039770397704,0.9193672839506173,0.947326575233552
42,correto,P-correto,VP,1,1,0.977039770397704,0.9193672839506173,0.947326575233552
42,correto,P-correto,VP,1,1,0.977039770397704,0.9193672839506173,0.947326575233552
42,correto,P-correto,VP,1,1,0.977039770397704,0.9193672839506173,0.947326575233552
42,correto,P-correto,VP,1,1,0.977039770397704,0.9193672839506173,0.947326575233552
42,correto,P-incorreto,FP,1,0,0.977039770397704,0.9193672839506173,0.947326575233552
42,correto,P-correto,VP,1,1,0.977039770397704,0.9193672839506173,0.947326575233552
42,correto,P-correto,VP,1,1,0.977039770397704,0.9193672839506173,0.947326575233552
42,correto,P-correto,VP,1,1,0.977039770397704,0.9193672839506173,0.947326575233552
41,correto,P-correto,VP,1,1,0.977039770397704,0.9193672839506173,0.947326575233552
42,correto,P-correto,VP,1,1,0.977039770397704,0.9193672839506173,0.947326575233552
42,correto,P-correto,VP,1,1,0.977039770397704,0.9193672839506173,0.947326575233552
42,correto,P-correto,VP,1,1,0.977039770397704,0.9193672839506173,0.947326575233552
42,correto,P-correto,VP,1,1,0.977039770397704,0.9193672839506173,0.947326575233552
42,correto,P-correto,VP,1,1,0.977039770397704,0.9193672839506173,0.947326575233552
42,correto,P-correto,VP,1,1,0.977039770397704,0.9193672839506173,0.947326575233552
43,correto,P-correto,VP,1,1,0.977039770397704,0.9193672839506173,0.947326575233552
29,incorreto,P-incorreto,VN,0,0,0.977039770397704,0.9193672839506173,0.947326575233552
27,incorreto,P-incorreto,VN,0,0,0.977039770397704,0.9193672839506173,0.947326575233552
40,incorreto,P-correto,FN,0,1,0.977039770397704,0.9193672839506173,0.947326575233552
44,incorreto,P-incorreto,VN,0,0,0.977039770397704,0.9193672839506173,0.947326575233552
42,correto,P-correto,VP,1,1,0.977039770397704,0.9193672839506173,0.947326575233552
41,correto,P-correto,VP,1,1,0.977039770397704,0.9193672839506173,0.947326575233552
43,correto,P-correto,VP,1,1,0.977039770397704,0.9193672839506173,0.947326575233552
42,correto,P-correto,VP,1,1,0.977039770397704,0.9193672839506173,0.947326575233552
42,correto,P-incorreto,FP,1,0,0.977039770397704,0.9193672839506173,0.947326575233552
43,correto,P-correto,VP,1,1,0.977039770397704,0.9193672839506173,0.947326575233552
42,correto,P-correto,VP,1,1,0.977039770397704,0.9193672839506173,0.947326575233552
42,correto,P-correto,VP,1,1,0.977039770397704,0.9193672839506173,0.947326575233552
53,incorreto,P-incorreto,VN,0,0,0.977039770397704,0.9193672839506173,0.947326575233552
66,incorreto,P-incorreto,VN,0,0,0.977039770397704,0.9193672839506173,0.947326575233552
41,correto,P-correto,VP,1,1,0.977039770397704,0.9193672839506173,0.947326575233552
42,correto,P-correto,VP,1,1,0.977039770397704,0.9193672839506173,0.947326575233552
42,correto,P-correto,VP,1,1,0.977039770397704,0.9193672839506173,0.947326575233552
42,correto,P-correto,VP,1,1,0.977039770397704,0.9193672839506173,0.947326575233552
42,correto,P-correto,VP,1,1,0.977039770397704,0.9193672839506173,0.947326575233552
48,incorreto,P-incorreto,VN,0,0,0.977039770397704,0.9193672839506173,0.947326575233552
42,correto,P-correto,VP,1,1,0.977039770397704,0.9193672839506173,0.947326575233552
42,correto,P-correto,VP,1,1,0.977039770397704,0.9193672839506173,0.947326575233552
42,correto,P-correto,VP,1,1,0.977039770397704,0.9193672839506173,0.947326575233552
42,correto,P-correto,VP,1,1,0.977039770397704,0.9193672839506173,0.947326575233552
42,correto,P-incorreto,FP,1,0,0.977039770397704,0.9193672839506173,0.947326575233552
42,correto,P-correto,VP,1,1,0.977039770397704,0.9193672839506173,0.947326575233552
42,correto,P-correto,VP,1,1,0.977039770397704,0.9193672839506173,0.947326575233552
42,correto,P-correto,VP,1,1,0.977039770397704,0.9193672839506173,0.947326575233552
42,correto,P-correto,VP,1,1,0.977039770397704,0.9193672839506173,0.947326575233552
42,correto,P-correto,VP,1,1,0.977039770397704,0.9193672839506173,0.947326575233552
43,correto,P-correto,VP,1,1,0.977039770397704,0.9193672839506173,0.947326575233552
43,correto,P-correto,VP,1,1,0.977039770397704,0.9193672839506173,0.947326575233552
42,correto,P-correto,VP,1,1,0.977039770397704,0.9193672839506173,0.947326575233552
42,correto,P-correto,VP,1,1,0.977039770397704,0.9193672839506173,0.947326575233552
42,correto,P-correto,VP,1,1,0.977039770397704,0.9193672839506173,0.947326575233552
42,correto,P-correto,VP,1,1,0.977039770397704,0.9193672839506173,0.947326575233552
42,correto,P-correto,VP,1,1,0.977039770397704,0.9193672839506173,0.947326575233552
33,incorreto,P-incorreto,VN,0,0,0.977039770397704,0.9193672839506173,0.947326575233552
43,correto,P-correto,VP,1,1,0.977039770397704,0.9193672839506173,0.947326575233552
43,correto,P-correto,VP,1,1,0.977039770397704,0.9193672839506173,0.947326575233552
42,correto,P-incorreto,FP,1,0,0.977039770397704,0.9193672839506173,0.947326575233552
42,correto,P-correto,VP,1,1,0.977039770397704,0.9193672839506173,0.947326575233552
42,correto,P-correto,VP,1,1,0.977039770397704,0.9193672839506173,0.947326575233552
42,correto,P-correto,VP,1,1,0.977039770397704,0.9193672839506173,0.947326575233552
43,correto,P-correto,VP,1,1,0.977039770397704,0.9193672839506173,0.947326575233552
41,correto,P-correto,VP,1,1,0.977039770397704,0.9193672839506173,0.947326575233552
43,correto,P-correto,VP,1,1,0.977039770397704,0.9193672839506173,0.947326575233552
42,correto,P-correto,VP,1,1,0.977039770397704,0.9193672839506173,0.947326575233552
42,correto,P-correto,VP,1,1,0.977039770397704,0.9193672839506173,0.947326575233552
44,correto,P-correto,VP,1,1,0.977039770397704,0.9193672839506173,0.947326575233552
42,correto,P-correto,VP,1,1,0.977039770397704,0.9193672839506173,0.947326575233552
42,correto,P-correto,VP,1,1,0.977039770397704,0.9193672839506173,0.947326575233552
42,correto,P-correto,VP,1,1,0.977039770397704,0.9193672839506173,0.947326575233552
42,correto,P-correto,VP,1,1,0.977039770397704,0.9193672839506173,0.947326575233552
42,correto,P-incorreto,FP,1,0,0.977039770397704,0.9193672839506173,0.947326575233552
42,correto,P-correto,VP,1,1,0.977039770397704,0.9193672839506173,0.947326575233552
43,correto,P-correto,VP,1,1,0.977039770397704,0.9193672839506173,0.947326575233552
42,correto,P-correto,VP,1,1,0.977039770397704,0.9193672839506173,0.947326575233552
42,correto,P-correto,VP,1,1,0.977039770397704,0.9193672839506173,0.947326575233552
42,correto,P-correto,VP,1,1,0.977039770397704,0.9193672839506173,0.947326575233552
42,correto,P-correto,VP,1,1,0.977039770397704,0.9193672839506173,0.947326575233552
41,correto,P-correto,VP,1,1,0.977039770397704,0.9193672839506173,0.947326575233552
42,correto,P-correto,VP,1,1,0.977039770397704,0.9193672839506173,0.947326575233552
41,correto,P-correto,VP,1,1,0.977039770397704,0.9193672839506173,0.947326575233552
43,correto,P-incorreto,FP,1,0,0.977039770397704,0.9193672839506173,0.947326575233552
42,correto,P-correto,VP,1,1,0.977039770397704,0.9193672839506173,0.947326575233552
42,correto,P-correto,VP,1,1,0.977039770397704,0.9193672839506173,0.947326575233552
33,incorreto,P-incorreto,VN,0,0,0.977039770397704,0.9193672839506173,0.947326575233552
42,correto,P-correto,VP,1,1,0.977039770397704,0.9193672839506173,0.947326575233552
43,correto,P-correto,VP,1,1,0.977039770397704,0.9193672839506173,0.947326575233552
42,correto,P-correto,VP,1,1,0.977039770397704,0.9193672839506173,0.947326575233552
42,correto,P-correto,VP,1,1,0.977039770397704,0.9193672839506173,0.947326575233552
42,correto,P-correto,VP,1,1,0.977039770397704,0.9193672839506173,0.947326575233552
42,correto,P-correto,VP,1,1,0.977039770397704,0.9193672839506173,0.947326575233552
43,correto,P-correto,VP,1,1,0.977039770397704,0.9193672839506173,0.947326575233552
42,correto,P-correto,VP,1,1,0.977039770397704,0.9193672839506173,0.947326575233552
49,incorreto,P-incorreto,VN,0,0,0.977039770397704,0.9193672839506173,0.947326575233552
42,correto,P-correto,VP,1,1,0.977039770397704,0.9193672839506173,0.947326575233552
41,correto,P-correto,VP,1,1,0.977039770397704,0.9193672839506173,0.947326575233552
41,correto,P-correto,VP,1,1,0.977039770397704,0.9193672839506173,0.947326575233552
41,incorreto,P-correto,FN,0,1,0.977039770397704,0.9193672839506173,0.947326575233552
41,correto,P-correto,VP,1,1,0.977039770397704,0.9193672839506173,0.947326575233552
42,correto,P-correto,VP,1,1,0.977039770397704,0.9193672839506173,0.947326575233552
43,correto,P-correto,VP,1,1,0.977039770397704,0.9193672839506173,0.947326575233552
42,correto,P-correto,VP,1,1,0.977039770397704,0.9193672839506173,0.947326575233552
34,incorreto,P-incorreto,VN,0,0,0.977039770397704,0.9193672839506173,0.947326575233552
42,correto,P-correto,VP,1,1,0.977039770397704,0.9193672839506173,0.947326575233552
42,correto,P-correto,VP,1,1,0.977039770397704,0.9193672839506173,0.947326575233552
41,correto,P-correto,VP,1,1,0.977039770397704,0.9193672839506173,0.947326575233552
42,correto,P-correto,VP,1,1,0.977039770397704,0.9193672839506173,0.947326575233552
42,correto,P-correto,VP,1,1,0.977039770397704,0.9193672839506173,0.947326575233552
47,incorreto,P-incorreto,VN,0,0,0.977039770397704,0.9193672839506173,0.947326575233552
44,incorreto,P-correto,FN,0,1,0.977039770397704,0.9193672839506173,0.947326575233552
41,correto,P-incorreto,FP,1,0,0.977039770397704,0.9193672839506173,0.947326575233552
42,correto,P-correto,VP,1,1,0.977039770397704,0.9193672839506173,0.947326575233552
42,correto,P-correto,VP,1,1,0.977039770397704,0.9193672839506173,0.947326575233552
38,incorreto,P-incorreto,VN,0,0,0.977039770397704,0.9193672839506173,0.947326575233552
42,correto,P-correto,VP,1,1,0.977039770397704,0.9193672839506173,0.947326575233552
42,correto,P-correto,VP,1,1,0.977039770397704,0.9193672839506173,0.947326575233552
42,correto,P-correto,VP,1,1,0.977039770397704,0.9193672839506173,0.947326575233552
42,correto,P-correto,VP,1,1,0.977039770397704,0.9193672839506173,0.947326575233552
42,correto,P-correto,VP,1,1,0.977039770397704,0.9193672839506173,0.947326575233552
43,incorreto,P-correto,FN,0,1,0.977039770397704,0.9193672839506173,0.947326575233552
42,correto,P-correto,VP,1,1,0.977039770397704,0.9193672839506173,0.947326575233552
41,correto,P-correto,VP,1,1,0.977039770397704,0.9193672839506173,0.947326575233552
42,correto,P-correto,VP,1,1,0.977039770397704,0.9193672839506173,0.947326575233552
42,correto,P-correto,VP,1,1,0.977039770397704,0.9193672839506173,0.947326575233552
42,correto,P-correto,VP,1,1,0.977039770397704,0.9193672839506173,0.947326575233552
41,correto,P-correto,VP,1,1,0.977039770397704,0.9193672839506173,0.947326575233552
46,incorreto,P-incorreto,VN,0,0,0.977039770397704,0.9193672839506173,0.947326575233552
41,correto,P-correto,VP,1,1,0.977039770397704,0.9193672839506173,0.947326575233552
43,correto,P-correto,VP,1,1,0.977039770397704,0.9193672839506173,0.947326575233552
42,correto,P-correto,VP,1,1,0.977039770397704,0.9193672839506173,0.947326575233552
43,correto,P-correto,VP,1,1,0.977039770397704,0.9193672839506173,0.947326575233552
42,correto,P-correto,VP,1,1,0.977039770397704,0.9193672839506173,0.947326575233552
42,correto,P-correto,VP,1,1,0.977039770397704,0.9193672839506173,0.947326575233552
42,correto,P-correto,VP,1,1,0.977039770397704,0.9193672839506173,0.947326575233552
42,correto,P-correto,VP,1,1,0.977039770397704,0.9193672839506173,0.947326575233552
33,incorreto,P-incorreto,VN,0,0,0.977039770397704,0.9193672839506173,0.947326575233552
42,correto,P-correto,VP,1,1,0.977039770397704,0.9193672839506173,0.947326575233552
42,correto,P-correto,VP,1,1,0.977039770397704,0.9193672839506173,0.947326575233552
42,correto,P-incorreto,FP,1,0,0.977039770397704,0.9193672839506173,0.947326575233552
42,correto,P-correto,VP,1,1,0.977039770397704,0.9193672839506173,0.947326575233552
41,incorreto,P-correto,FN,0,1,0.977039770397704,0.9193672839506173,0.947326575233552
42,correto,P-correto,VP,1,1,0.977039770397704,0.9193672839506173,0.947326575233552
42,correto,P-correto,VP,1,1,0.977039770397704,0.9193672839506173,0.947326575233552
42,correto,P-correto,VP,1,1,0.977039770397704,0.9193672839506173,0.947326575233552
43,correto,P-correto,VP,1,1,0.977039770397704,0.9193672839506173,0.947326575233552
42,correto,P-correto,VP,1,1,0.977039770397704,0.9193672839506173,0.947326575233552
42,correto,P-correto,VP,1,1,0.977039770397704,0.9193672839506173,0.947326575233552
41,correto,P-correto,VP,1,1,0.977039770397704,0.9193672839506173,0.947326575233552
64,incorreto,P-incorreto,VN,0,0,0.977039770397704,0.9193672839506173,0.947326575233552
42,correto,P-correto,VP,1,1,0.977039770397704,0.9193672839506173,0.947326575233552
42,correto,P-correto,VP,1,1,0.977039770397704,0.9193672839506173,0.947326575233552
42,correto,P-correto,VP,1,1,0.977039770397704,0.9193672839506173,0.947326575233552
43,correto,P-correto,VP,1,1,0.977039770397704,0.9193672839506173,0.947326575233552
41,correto,P-correto,VP,1,1,0.977039770397704,0.9193672839506173,0.947326575233552
42,correto,P-correto,VP,1,1,0.977039770397704,0.9193672839506173,0.947326575233552
43,correto,P-correto,VP,1,1,0.977039770397704,0.9193672839506173,0.947326575233552
42,correto,P-correto,VP,1,1,0.977039770397704,0.9193672839506173,0.947326575233552
43,correto,P-correto,VP,1,1,0.977039770397704,0.9193672839506173,0.947326575233552
42,correto,P-correto,VP,1,1,0.977039770397704,0.9193672839506173,0.947326575233552
43,correto,P-correto,VP,1,1,0.977039770397704,0.9193672839506173,0.947326575233552
42,correto,P-correto,VP,1,1,0.977039770397704,0.9193672839506173,0.947326575233552
50,incorreto,P-incorreto,VN,0,0,0.977039770397704,0.9193672839506173,0.947326575233552
40,incorreto,P-incorreto,VN,0,0,0.977039770397704,0.9193672839506173,0.947326575233552
55,incorreto,P-incorreto,VN,0,0,0.977039770397704,0.9193672839506173,0.947326575233552
41,correto,P-correto,VP,1,1,0.977039770397704,0.9193672839506173,0.947326575233552
42,correto,P-correto,VP,1,1,0.977039770397704,0.9193672839506173,0.947326575233552
42,correto,P-correto,VP,1,1,0.977039770397704,0.9193672839506173,0.947326575233552
42,correto,P-correto,VP,1,1,0.977039770397704,0.9193672839506173,0.947326575233552
43,correto,P-correto,VP,1,1,0.977039770397704,0.9193672839506173,0.947326575233552
47,incorreto,P-incorreto,VN,0,0,0.977039770397704,0.9193672839506173,0.947326575233552
42,correto,P-correto,VP,1,1,0.977039770397704,0.9193672839506173,0.947326575233552
42,correto,P-correto,VP,1,1,0.977039770397704,0.9193672839506173,0.947326575233552
42,correto,P-correto,VP,1,1,0.977039770397704,0.9193672839506173,0.947326575233552
42,correto,P-incorreto,FP,1,0,0.977039770397704,0.9193672839506173,0.947326575233552
42,correto,P-correto,VP,1,1,0.977039770397704,0.9193672839506173,0.947326575233552
43,correto,P-correto,VP,1,1,0.977039770397704,0.9193672839506173,0.947326575233552
42,correto,P-incorreto,FP,1,0,0.977039770397704,0.9193672839506173,0.947326575233552
43,correto,P-correto,VP,1,1,0.977039770397704,0.9193672839506173,0.947326575233552
41,correto,P-correto,VP,1,1,0.977039770397704,0.9193672839506173,0.947326575233552
43,correto,P-correto,VP,1,1,0.977039770397704,0.9193672839506173,0.947326575233552
43,correto,P-correto,VP,1,1,0.977039770397704,0.9193672839506173,0.947326575233552
42,correto,P-correto,VP,1,1,0.977039770397704,0.9193672839506173,0.947326575233552
43,correto,P-correto,VP,1,1,0.977039770397704,0.9193672839506173,0.947326575233552
44,correto,P-correto,VP,1,1,0.977039770397704,0.9193672839506173,0.947326575233552
42,correto,P-correto,VP,1,1,0.977039770397704,0.9193672839506173,0.947326575233552
41,correto,P-correto,VP,1,1,0.977039770397704,0.9193672839506173,0.947326575233552
43,correto,P-correto,VP,1,1,0.977039770397704,0.9193672839506173,0.947326575233552
42,correto,P-correto,VP,1,1,0.977039770397704,0.9193672839506173,0.947326575233552
42,correto,P-correto,VP,1,1,0.977039770397704,0.9193672839506173,0.947326575233552
42,correto,P-correto,VP,1,1,0.977039770397704,0.9193672839506173,0.947326575233552
42,correto,P-correto,VP,1,1,0.977039770397704,0.9193672839506173,0.947326575233552
42,correto,P-correto,VP,1,1,0.977039770397704,0.9193672839506173,0.947326575233552
34,incorreto,P-incorreto,VN,0,0,0.977039770397704,0.9193672839506173,0.947326575233552
42,correto,P-correto,VP,1,1,0.977039770397704,0.9193672839506173,0.947326575233552
42,correto,P-correto,VP,1,1,0.977039770397704,0.9193672839506173,0.947326575233552
42,correto,P-correto,VP,1,1,0.977039770397704,0.9193672839506173,0.947326575233552
42,correto,P-correto,VP,1,1,0.977039770397704,0.9193672839506173,0.947326575233552
42,correto,P-correto,VP,1,1,0.977039770397704,0.9193672839506173,0.947326575233552
42,correto,P-correto,VP,1,1,0.977039770397704,0.9193672839506173,0.947326575233552
42,correto,P-correto,VP,1,1,0.977039770397704,0.9193672839506173,0.947326575233552
42,correto,P-correto,VP,1,1,0.977039770397704,0.9193672839506173,0.947326575233552
42,correto,P-correto,VP,1,1,0.977039770397704,0.9193672839506173,0.947326575233552
42,correto,P-correto,VP,1,1,0.977039770397704,0.9193672839506173,0.947326575233552
39,incorreto,P-incorreto,VN,0,0,0.977039770397704,0.9193672839506173,0.947326575233552
42,correto,P-correto,VP,1,1,0.977039770397704,0.9193672839506173,0.947326575233552
42,correto,P-correto,VP,1,1,0.977039770397704,0.9193672839506173,0.947326575233552
43,correto,P-correto,VP,1,1,0.977039770397704,0.9193672839506173,0.947326575233552
43,correto,P-correto,VP,1,1,0.977039770397704,0.9193672839506173,0.947326575233552
42,correto,P-correto,VP,1,1,0.977039770397704,0.9193672839506173,0.947326575233552
42,correto,P-correto,VP,1,1,0.977039770397704,0.9193672839506173,0.947326575233552
42,correto,P-correto,VP,1,1,0.977039770397704,0.9193672839506173,0.947326575233552
41,correto,P-correto,VP,1,1,0.977039770397704,0.9193672839506173,0.947326575233552
42,correto,P-correto,VP,1,1,0.977039770397704,0.9193672839506173,0.947326575233552
41,correto,P-correto,VP,1,1,0.977039770397704,0.9193672839506173,0.947326575233552
42,correto,P-incorreto,FP,1,0,0.977039770397704,0.9193672839506173,0.947326575233552
43,correto,P-correto,VP,1,1,0.977039770397704,0.9193672839506173,0.947326575233552
41,correto,P-correto,VP,1,1,0.977039770397704,0.9193672839506173,0.947326575233552
33,incorreto,P-incorreto,VN,0,0,0.977039770397704,0.9193672839506173,0.947326575233552
42,correto,P-incorreto,FP,1,0,0.977039770397704,0.9193672839506173,0.947326575233552
42,correto,P-correto,VP,1,1,0.977039770397704,0.9193672839506173,0.947326575233552
42,correto,P-correto,VP,1,1,0.977039770397704,0.9193672839506173,0.947326575233552
41,correto,P-correto,VP,1,1,0.977039770397704,0.9193672839506173,0.947326575233552
41,correto,P-correto,VP,1,1,0.977039770397704,0.9193672839506173,0.947326575233552
42,correto,P-correto,VP,1,1,0.977039770397704,0.9193672839506173,0.947326575233552
42,correto,P-correto,VP,1,1,0.977039770397704,0.9193672839506173,0.947326575233552
42,correto,P-correto,VP,1,1,0.977039770397704,0.9193672839506173,0.947326575233552
41,correto,P-correto,VP,1,1,0.977039770397704,0.9193672839506173,0.947326575233552
42,correto,P-correto,VP,1,1,0.977039770397704,0.9193672839506173,0.947326575233552
42,correto,P-correto,VP,1,1,0.977039770397704,0.9193672839506173,0.947326575233552
42,correto,P-correto,VP,1,1,0.977039770397704,0.9193672839506173,0.947326575233552
42,correto,P-correto,VP,1,1,0.977039770397704,0.9193672839506173,0.947326575233552
42,correto,P-correto,VP,1,1,0.977039770397704,0.9193672839506173,0.947326575233552
41,correto,P-correto,VP,1,1,0.977039770397704,0.9193672839506173,0.947326575233552
41,correto,P-incorreto,FP,1,0,0.977039770397704,0.9193672839506173,0.947326575233552
41,correto,P-correto,VP,1,1,0.977039770397704,0.9193672839506173,0.947326575233552
42,correto,P-correto,VP,1,1,0.977039770397704,0.9193672839506173,0.947326575233552
42,correto,P-correto,VP,1,1,0.977039770397704,0.9193672839506173,0.947326575233552
41,correto,P-correto,VP,1,1,0.977039770397704,0.9193672839506173,0.947326575233552
42,correto,P-correto,VP,1,1,0.977039770397704,0.9193672839506173,0.947326575233552
42,correto,P-correto,VP,1,1,0.977039770397704,0.9193672839506173,0.947326575233552
43,incorreto,P-correto,FN,0,1,0.977039770397704,0.9193672839506173,0.947326575233552
41,correto,P-correto,VP,1,1,0.977039770397704,0.9193672839506173,0.947326575233552
42,correto,P-incorreto,FP,1,0,0.977039770397704,0.9193672839506173,0.947326575233552
42,correto,P-correto,VP,1,1,0.977039770397704,0.9193672839506173,0.947326575233552
46,incorreto,P-incorreto,VN,0,0,0.977039770397704,0.9193672839506173,0.947326575233552
43,correto,P-correto,VP,1,1,0.977039770397704,0.9193672839506173,0.947326575233552
42,correto,P-correto,VP,1,1,0.977039770397704,0.9193672839506173,0.947326575233552
42,correto,P-correto,VP,1,1,0.977039770397704,0.9193672839506173,0.947326575233552
42,correto,P-correto,VP,1,1,0.977039770397704,0.9193672839506173,0.947326575233552
42,correto,P-correto,VP,1,1,0.977039770397704,0.9193672839506173,0.947326575233552
42,correto,P-correto,VP,1,1,0.977039770397704,0.9193672839506173,0.947326575233552
42,correto,P-correto,VP,1,1,0.977039770397704,0.9193672839506173,0.947326575233552
42,correto,P-correto,VP,1,1,0.977039770397704,0.9193672839506173,0.947326575233552
42,correto,P-correto,VP,1,1,0.977039770397704,0.9193672839506173,0.947326575233552
42,correto,P-correto,VP,1,1,0.977039770397704,0.9193672839506173,0.947326575233552
42,correto,P-correto,VP,1,1,0.977039770397704,0.9193672839506173,0.947326575233552
42,correto,P-correto,VP,1,1,0.977039770397704,0.9193672839506173,0.947326575233552
42,correto,P-correto,VP,1,1,0.977039770397704,0.9193672839506173,0.947326575233552
43,incorreto,P-incorreto,VN,0,0,0.977039770397704,0.9193672839506173,0.947326575233552
42,correto,P-correto,VP,1,1,0.977039770397704,0.9193672839506173,0.947326575233552
49,incorreto,P-incorreto,VN,0,0,0.977039770397704,0.9193672839506173,0.947326575233552
42,correto,P-correto,VP,1,1,0.977039770397704,0.9193672839506173,0.947326575233552
43,correto,P-correto,VP,1,1,0.977039770397704,0.9193672839506173,0.947326575233552
42,correto,P-correto,VP,1,1,0.977039770397704,0.9193672839506173,0.947326575233552
42,correto,P-correto,VP,1,1,0.977039770397704,0.9193672839506173,0.947326575233552
41,correto,P-correto,VP,1,1,0.977039770397704,0.9193672839506173,0.947326575233552
42,correto,P-correto,VP,1,1,0.977039770397704,0.9193672839506173,0.947326575233552
43,correto,P-correto,VP,1,1,0.977039770397704,0.9193672839506173,0.947326575233552
42,correto,P-correto,VP,1,1,0.977039770397704,0.9193672839506173,0.947326575233552
42,correto,P-correto,VP,1,1,0.977039770397704,0.9193672839506173,0.947326575233552
42,correto,P-correto,VP,1,1,0.977039770397704,0.9193672839506173,0.947326575233552
41,correto,P-incorreto,FP,1,0,0.977039770397704,0.9193672839506173,0.947326575233552
42,correto,P-correto,VP,1,1,0.977039770397704,0.9193672839506173,0.947326575233552
43,correto,P-correto,VP,1,1,0.977039770397704,0.9193672839506173,0.947326575233552
42,correto,P-correto,VP,1,1,0.977039770397704,0.9193672839506173,0.947326575233552
41,correto,P-correto,VP,1,1,0.977039770397704,0.9193672839506173,0.947326575233552
42,correto,P-correto,VP,1,1,0.977039770397704,0.9193672839506173,0.947326575233552
43,correto,P-correto,VP,1,1,0.977039770397704,0.9193672839506173,0.947326575233552
41,correto,P-correto,VP,1,1,0.977039770397704,0.9193672839506173,0.947326575233552
43,correto,P-correto,VP,1,1,0.977039770397704,0.9193672839506173,0.947326575233552
42,correto,P-correto,VP,1,1,0.977039770397704,0.9193672839506173,0.947326575233552
42,correto,P-correto,VP,1,1,0.977039770397704,0.9193672839506173,0.947326575233552
41,correto,P-correto,VP,1,1,0.977039770397704,0.9193672839506173,0.947326575233552
42,correto,P-correto,VP,1,1,0.977039770397704,0.9193672839506173,0.947326575233552
41,correto,P-correto,VP,1,1,0.977039770397704,0.9193672839506173,0.947326575233552
42,correto,P-correto,VP,1,1,0.977039770397704,0.9193672839506173,0.947326575233552
42,correto,P-correto,VP,1,1,0.977039770397704,0.9193672839506173,0.947326575233552
42,correto,P-correto,VP,1,1,0.977039770397704,0.9193672839506173,0.947326575233552
42,correto,P-correto,VP,1,1,0.977039770397704,0.9193672839506173,0.947326575233552
43,correto,P-correto,VP,1,1,0.977039770397704,0.9193672839506173,0.947326575233552
42,correto,P-correto,VP,1,1,0.977039770397704,0.9193672839506173,0.947326575233552
31,incorreto,P-incorreto,VN,0,0,0.977039770397704,0.9193672839506173,0.947326575233552
41,correto,P-correto,VP,1,1,0.977039770397704,0.9193672839506173,0.947326575233552
42,correto,P-correto,VP,1,1,0.977039770397704,0.9193672839506173,0.947326575233552
57,incorreto,P-incorreto,VN,0,0,0.977039770397704,0.9193672839506173,0.947326575233552
37,incorreto,P-incorreto,VN,0,0,0.977039770397704,0.9193672839506173,0.947326575233552
42,correto,P-correto,VP,1,1,0.977039770397704,0.9193672839506173,0.947326575233552
43,correto,P-incorreto,FP,1,0,0.977039770397704,0.9193672839506173,0.947326575233552
53,incorreto,P-incorreto,VN,0,0,0.977039770397704,0.9193672839506173,0.947326575233552
42,correto,P-correto,VP,1,1,0.977039770397704,0.9193672839506173,0.947326575233552
41,correto,P-correto,VP,1,1,0.977039770397704,0.9193672839506173,0.947326575233552
43,correto,P-correto,VP,1,1,0.977039770397704,0.9193672839506173,0.947326575233552
42,correto,P-correto,VP,1,1,0.977039770397704,0.9193672839506173,0.947326575233552
41,correto,P-incorreto,FP,1,0,0.977039770397704,0.9193672839506173,0.947326575233552
55,incorreto,P-incorreto,VN,0,0,0.977039770397704,0.9193672839506173,0.947326575233552
41,incorreto,P-correto,FN,0,1,0.977039770397704,0.9193672839506173,0.947326575233552
43,correto,P-correto,VP,1,1,0.977039770397704,0.9193672839506173,0.947326575233552
43,correto,P-correto,VP,1,1,0.977039770397704,0.9193672839506173,0.947326575233552
42,correto,P-correto,VP,1,1,0.977039770397704,0.9193672839506173,0.947326575233552
42,correto,P-correto,VP,1,1,0.977039770397704,0.9193672839506173,0.947326575233552
42,correto,P-correto,VP,1,1,0.977039770397704,0.9193672839506173,0.947326575233552
43,correto,P-correto,VP,1,1,0.977039770397704,0.9193672839506173,0.947326575233552
41,correto,P-correto,VP,1,1,0.977039770397704,0.9193672839506173,0.947326575233552
42,correto,P-correto,VP,1,1,0.977039770397704,0.9193672839506173,0.947326575233552
41,correto,P-correto,VP,1,1,0.977039770397704,0.9193672839506173,0.947326575233552
43,correto,P-correto,VP,1,1,0.977039770397704,0.9193672839506173,0.947326575233552
43,correto,P-correto,VP,1,1,0.977039770397704,0.9193672839506173,0.947326575233552
40,incorreto,P-correto,FN,0,1,0.977039770397704,0.9193672839506173,0.947326575233552
43,correto,P-correto,VP,1,1,0.977039770397704,0.9193672839506173,0.947326575233552
42,correto,P-incorreto,FP,1,0,0.977039770397704,0.9193672839506173,0.947326575233552
41,correto,P-correto,VP,1,1,0.977039770397704,0.9193672839506173,0.947326575233552
42,correto,P-correto,VP,1,1,0.977039770397704,0.9193672839506173,0.947326575233552
42,correto,P-correto,VP,1,1,0.977039770397704,0.9193672839506173,0.947326575233552
42,correto,P-correto,VP,1,1,0.977039770397704,0.9193672839506173,0.947326575233552
42,correto,P-correto,VP,1,1,0.977039770397704,0.9193672839506173,0.947326575233552
42,correto,P-correto,VP,1,1,0.977039770397704,0.9193672839506173,0.947326575233552
42,correto,P-incorreto,FP,1,0,0.977039770397704,0.9193672839506173,0.947326575233552
43,correto,P-correto,VP,1,1,0.977039770397704,0.9193672839506173,0.947326575233552
42,correto,P-correto,VP,1,1,0.977039770397704,0.9193672839506173,0.947326575233552
42,correto,P-correto,VP,1,1,0.977039770397704,0.9193672839506173,0.947326575233552
42,correto,P-correto,VP,1,1,0.977039770397704,0.9193672839506173,0.947326575233552
42,correto,P-correto,VP,1,1,0.977039770397704,0.9193672839506173,0.947326575233552
42,correto,P-correto,VP,1,1,0.977039770397704,0.9193672839506173,0.947326575233552
42,correto,P-correto,VP,1,1,0.977039770397704,0.9193672839506173,0.947326575233552
41,correto,P-correto,VP,1,1,0.977039770397704,0.9193672839506173,0.947326575233552
42,correto,P-correto,VP,1,1,0.977039770397704,0.9193672839506173,0.947326575233552
42,correto,P-correto,VP,1,1,0.977039770397704,0.9193672839506173,0.947326575233552
51,incorreto,P-incorreto,VN,0,0,0.977039770397704,0.9193672839506173,0.947326575233552
42,correto,P-incorreto,FP,1,0,0.977039770397704,0.9193672839506173,0.947326575233552
42,correto,P-incorreto,FP,1,0,0.977039770397704,0.9193672839506173,0.947326575233552
42,correto,P-correto,VP,1,1,0.977039770397704,0.9193672839506173,0.947326575233552
42,correto,P-incorreto,FP,1,0,0.977039770397704,0.9193672839506173,0.947326575233552
42,correto,P-correto,VP,1,1,0.977039770397704,0.9193672839506173,0.947326575233552
42,correto,P-correto,VP,1,1,0.977039770397704,0.9193672839506173,0.947326575233552
42,correto,P-correto,VP,1,1,0.977039770397704,0.9193672839506173,0.947326575233552
42,correto,P-correto,VP,1,1,0.977039770397704,0.9193672839506173,0.947326575233552
42,correto,P-correto,VP,1,1,0.977039770397704,0.9193672839506173,0.947326575233552
42,correto,P-correto,VP,1,1,0.977039770397704,0.9193672839506173,0.947326575233552
42,correto,P-correto,VP,1,1,0.977039770397704,0.9193672839506173,0.947326575233552
47,incorreto,P-incorreto,VN,0,0,0.977039770397704,0.9193672839506173,0.947326575233552
42,correto,P-correto,VP,1,1,0.977039770397704,0.9193672839506173,0.947326575233552
42,correto,P-correto,VP,1,1,0.977039770397704,0.9193672839506173,0.947326575233552
42,correto,P-correto,VP,1,1,0.977039770397704,0.9193672839506173,0.947326575233552
42,correto,P-correto,VP,1,1,0.977039770397704,0.9193672839506173,0.947326575233552
42,correto,P-correto,VP,1,1,0.977039770397704,0.9193672839506173,0.947326575233552
52,incorreto,P-incorreto,VN,0,0,0.977039770397704,0.9193672839506173,0.947326575233552
41,correto,P-correto,VP,1,1,0.977039770397704,0.9193672839506173,0.947326575233552
42,correto,P-correto,VP,1,1,0.977039770397704,0.9193672839506173,0.947326575233552
42,correto,P-correto,VP,1,1,0.977039770397704,0.9193672839506173,0.947326575233552
42,correto,P-correto,VP,1,1,0.977039770397704,0.9193672839506173,0.947326575233552
42,correto,P-correto,VP,1,1,0.977039770397704,0.9193672839506173,0.947326575233552
42,correto,P-correto,VP,1,1,0.977039770397704,0.9193672839506173,0.947326575233552
41,correto,P-correto,VP,1,1,0.977039770397704,0.9193672839506173,0.947326575233552
43,correto,P-correto,VP,1,1,0.977039770397704,0.9193672839506173,0.947326575233552
43,correto,P-correto,VP,1,1,0.977039770397704,0.9193672839506173,0.947326575233552
43,correto,P-correto,VP,1,1,0.977039770397704,0.9193672839506173,0.947326575233552
42,correto,P-correto,VP,1,1,0.977039770397704,0.9193672839506173,0.947326575233552
42,correto,P-correto,VP,1,1,0.977039770397704,0.9193672839506173,0.947326575233552
42,correto,P-correto,VP,1,1,0.977039770397704,0.9193672839506173,0.947326575233552
42,correto,P-correto,VP,1,1,0.977039770397704,0.9193672839506173,0.947326575233552
42,correto,P-correto,VP,1,1,0.977039770397704,0.9193672839506173,0.947326575233552
42,correto,P-correto,VP,1,1,0.977039770397704,0.9193672839506173,0.947326575233552
42,correto,P-correto,VP,1,1,0.977039770397704,0.9193672839506173,0.947326575233552
42,correto,P-correto,VP,1,1,0.977039770397704,0.9193672839506173,0.947326575233552
42,correto,P-correto,VP,1,1,0.977039770397704,0.9193672839506173,0.947326575233552
42,correto,P-correto,VP,1,1,0.977039770397704,0.9193672839506173,0.947326575233552
42,correto,P-correto,VP,1,1,0.977039770397704,0.9193672839506173,0.947326575233552
42,correto,P-correto,VP,1,1,0.977039770397704,0.9193672839506173,0.947326575233552
42,correto,P-correto,VP,1,1,0.977039770397704,0.9193672839506173,0.947326575233552
42,correto,P-correto,VP,1,1,0.977039770397704,0.9193672839506173,0.947326575233552
42,correto,P-correto,VP,1,1,0.977039770397704,0.9193672839506173,0.947326575233552
42,correto,P-correto,VP,1,1,0.977039770397704,0.9193672839506173,0.947326575233552
49,incorreto,P-incorreto,VN,0,0,0.977039770397704,0.9193672839506173,0.947326575233552
41,correto,P-correto,VP,1,1,0.977039770397704,0.9193672839506173,0.947326575233552
43,correto,P-correto,VP,1,1,0.977039770397704,0.9193672839506173,0.947326575233552
43,correto,P-correto,VP,1,1,0.977039770397704,0.9193672839506173,0.947326575233552
42,correto,P-correto,VP,1,1,0.977039770397704,0.9193672839506173,0.947326575233552
41,correto,P-correto,VP,1,1,0.977039770397704,0.9193672839506173,0.947326575233552
41,correto,P-correto,VP,1,1,0.977039770397704,0.9193672839506173,0.947326575233552
42,correto,P-correto,VP,1,1,0.977039770397704,0.9193672839506173,0.947326575233552
43,incorreto,P-correto,FN,0,1,0.977039770397704,0.9193672839506173,0.947326575233552
42,correto,P-incorreto,FP,1,0,0.977039770397704,0.9193672839506173,0.947326575233552
61,incorreto,P-incorreto,VN,0,0,0.977039770397704,0.9193672839506173,0.947326575233552
42,correto,P-correto,VP,1,1,0.977039770397704,0.9193672839506173,0.947326575233552
42,correto,P-correto,VP,1,1,0.977039770397704,0.9193672839506173,0.947326575233552
41,correto,P-correto,VP,1,1,0.977039770397704,0.9193672839506173,0.947326575233552
41,correto,P-correto,VP,1,1,0.977039770397704,0.9193672839506173,0.947326575233552
42,correto,P-correto,VP,1,1,0.977039770397704,0.9193672839506173,0.947326575233552
42,correto,P-correto,VP,1,1,0.977039770397704,0.9193672839506173,0.947326575233552
42,correto,P-correto,VP,1,1,0.977039770397704,0.9193672839506173,0.947326575233552
54,incorreto,P-incorreto,VN,0,0,0.977039770397704,0.9193672839506173,0.947326575233552
42,correto,P-correto,VP,1,1,0.977039770397704,0.9193672839506173,0.947326575233552
42,correto,P-correto,VP,1,1,0.977039770397704,0.9193672839506173,0.947326575233552
43,correto,P-correto,VP,1,1,0.977039770397704,0.9193672839506173,0.947326575233552
42,correto,P-correto,VP,1,1,0.977039770397704,0.9193672839506173,0.947326575233552
42,correto,P-correto,VP,1,1,0.977039770397704,0.9193672839506173,0.947326575233552
41,correto,P-correto,VP,1,1,0.977039770397704,0.9193672839506173,0.947326575233552
42,correto,P-correto,VP,1,1,0.977039770397704,0.9193672839506173,0.947326575233552
42,correto,P-correto,VP,1,1,0.977039770397704,0.9193672839506173,0.947326575233552
42,correto,P-correto,VP,1,1,0.977039770397704,0.9193672839506173,0.947326575233552
49,incorreto,P-incorreto,VN,0,0,0.977039770397704,0.9193672839506173,0.947326575233552
43,correto,P-correto,VP,1,1,0.977039770397704,0.9193672839506173,0.947326575233552
42,correto,P-incorreto,FP,1,0,0.977039770397704,0.9193672839506173,0.947326575233552
42,correto,P-correto,VP,1,1,0.977039770397704,0.9193672839506173,0.947326575233552
43,correto,P-correto,VP,1,1,0.977039770397704,0.9193672839506173,0.947326575233552
43,correto,P-correto,VP,1,1,0.977039770397704,0.9193672839506173,0.947326575233552
42,correto,P-correto,VP,1,1,0.977039770397704,0.9193672839506173,0.947326575233552
42,correto,P-incorreto,FP,1,0,0.977039770397704,0.9193672839506173,0.947326575233552
42,correto,P-correto,VP,1,1,0.977039770397704,0.9193672839506173,0.947326575233552
42,correto,P-correto,VP,1,1,0.977039770397704,0.9193672839506173,0.947326575233552
43,correto,P-correto,VP,1,1,0.977039770397704,0.9193672839506173,0.947326575233552
42,correto,P-incorreto,FP,1,0,0.977039770397704,0.9193672839506173,0.947326575233552
41,correto,P-incorreto,FP,1,0,0.977039770397704,0.9193672839506173,0.947326575233552
42,incorreto,P-correto,FN,0,1,0.977039770397704,0.9193672839506173,0.947326575233552
41,correto,P-correto,VP,1,1,0.977039770397704,0.9193672839506173,0.947326575233552
41,correto,P-correto,VP,1,1,0.977039770397704,0.9193672839506173,0.947326575233552
42,correto,P-correto,VP,1,1,0.977039770397704,0.9193672839506173,0.947326575233552
42,correto,P-correto,VP,1,1,0.977039770397704,0.9193672839506173,0.947326575233552
35,incorreto,P-incorreto,VN,0,0,0.977039770397704,0.9193672839506173,0.947326575233552
42,correto,P-correto,VP,1,1,0.977039770397704,0.9193672839506173,0.947326575233552
42,correto,P-correto,VP,1,1,0.977039770397704,0.9193672839506173,0.947326575233552
41,correto,P-correto,VP,1,1,0.977039770397704,0.9193672839506173,0.947326575233552
43,correto,P-correto,VP,1,1,0.977039770397704,0.9193672839506173,0.947326575233552
43,correto,P-correto,VP,1,1,0.977039770397704,0.9193672839506173,0.947326575233552
42,correto,P-correto,VP,1,1,0.977039770397704,0.9193672839506173,0.947326575233552
42,correto,P-correto,VP,1,1,0.977039770397704,0.9193672839506173,0.947326575233552
41,correto,P-correto,VP,1,1,0.977039770397704,0.9193672839506173,0.947326575233552
42,correto,P-correto,VP,1,1,0.977039770397704,0.9193672839506173,0.947326575233552
42,correto,P-correto,VP,1,1,0.977039770397704,0.9193672839506173,0.947326575233552
42,correto,P-correto,VP,1,1,0.977039770397704,0.9193672839506173,0.947326575233552
41,correto,P-correto,VP,1,1,0.977039770397704,0.9193672839506173,0.947326575233552
41,correto,P-correto,VP,1,1,0.977039770397704,0.9193672839506173,0.947326575233552
42,correto,P-correto,VP,1,1,0.977039770397704,0.9193672839506173,0.947326575233552
27,incorreto,P-incorreto,VN,0,0,0.977039770397704,0.9193672839506173,0.947326575233552
43,correto,P-correto,VP,1,1,0.977039770397704,0.9193672839506173,0.947326575233552
42,correto,P-correto,VP,1,1,0.977039770397704,0.9193672839506173,0.947326575233552
42,correto,P-correto,VP,1,1,0.977039770397704,0.9193672839506173,0.947326575233552
43,correto,P-correto,VP,1,1,0.977039770397704,0.9193672839506173,0.947326575233552
43,correto,P-correto,VP,1,1,0.977039770397704,0.9193672839506173,0.947326575233552
42,correto,P-correto,VP,1,1,0.977039770397704,0.9193672839506173,0.947326575233552
42,correto,P-correto,VP,1,1,0.977039770397704,0.9193672839506173,0.947326575233552
42,correto,P-correto,VP,1,1,0.977039770397704,0.9193672839506173,0.947326575233552
42,correto,P-correto,VP,1,1,0.977039770397704,0.9193672839506173,0.947326575233552
42,correto,P-correto,VP,1,1,0.977039770397704,0.9193672839506173,0.947326575233552
42,correto,P-correto,VP,1,1,0.977039770397704,0.9193672839506173,0.947326575233552
42,correto,P-correto,VP,1,1,0.977039770397704,0.9193672839506173,0.947326575233552
41,correto,P-correto,VP,1,1,0.977039770397704,0.9193672839506173,0.947326575233552
42,correto,P-correto,VP,1,1,0.977039770397704,0.9193672839506173,0.947326575233552
50,incorreto,P-incorreto,VN,0,0,0.977039770397704,0.9193672839506173,0.947326575233552
38,incorreto,P-incorreto,VN,0,0,0.977039770397704,0.9193672839506173,0.947326575233552
42,correto,P-correto,VP,1,1,0.977039770397704,0.9193672839506173,0.947326575233552
42,correto,P-incorreto,FP,1,0,0.977039770397704,0.9193672839506173,0.947326575233552
42,correto,P-correto,VP,1,1,0.977039770397704,0.9193672839506173,0.947326575233552
42,correto,P-correto,VP,1,1,0.977039770397704,0.9193672839506173,0.947326575233552
46,incorreto,P-incorreto,VN,0,0,0.977039770397704,0.9193672839506173,0.947326575233552
42,correto,P-correto,VP,1,1,0.977039770397704,0.9193672839506173,0.947326575233552
42,correto,P-correto,VP,1,1,0.977039770397704,0.9193672839506173,0.947326575233552
26,incorreto,P-incorreto,VN,0,0,0.977039770397704,0.9193672839506173,0.947326575233552
42,correto,P-correto,VP,1,1,0.977039770397704,0.9193672839506173,0.947326575233552
42,correto,P-correto,VP,1,1,0.977039770397704,0.9193672839506173,0.947326575233552
42,correto,P-incorreto,FP,1,0,0.977039770397704,0.9193672839506173,0.947326575233552
43,correto,P-correto,VP,1,1,0.977039770397704,0.9193672839506173,0.947326575233552
43,correto,P-correto,VP,1,1,0.977039770397704,0.9193672839506173,0.947326575233552
42,correto,P-correto,VP,1,1,0.977039770397704,0.9193672839506173,0.947326575233552
42,correto,P-correto,VP,1,1,0.977039770397704,0.9193672839506173,0.947326575233552
51,incorreto,P-incorreto,VN,0,0,0.977039770397704,0.9193672839506173,0.947326575233552
43,correto,P-correto,VP,1,1,0.977039770397704,0.9193672839506173,0.947326575233552
39,incorreto,P-correto,FN,0,1,0.977039770397704,0.9193672839506173,0.947326575233552
41,correto,P-correto,VP,1,1,0.977039770397704,0.9193672839506173,0.947326575233552
43,correto,P-correto,VP,1,1,0.977039770397704,0.9193672839506173,0.947326575233552
43,correto,P-correto,VP,1,1,0.977039770397704,0.9193672839506173,0.947326575233552
42,correto,P-correto,VP,1,1,0.977039770397704,0.9193672839506173,0.947326575233552
41,correto,P-incorreto,FP,1,0,0.977039770397704,0.9193672839506173,0.947326575233552
42,correto,P-correto,VP,1,1,0.977039770397704,0.9193672839506173,0.947326575233552
42,correto,P-correto,VP,1,1,0.977039770397704,0.9193672839506173,0.947326575233552
41,correto,P-correto,VP,1,1,0.977039770397704,0.9193672839506173,0.947326575233552
42,correto,P-correto,VP,1,1,0.977039770397704,0.9193672839506173,0.947326575233552
42,correto,P-correto,VP,1,1,0.977039770397704,0.9193672839506173,0.947326575233552
42,correto,P-correto,VP,1,1,0.977039770397704,0.9193672839506173,0.947326575233552
42,correto,P-correto,VP,1,1,0.977039770397704,0.9193672839506173,0.947326575233552
41,correto,P-correto,VP,1,1,0.977039770397704,0.9193672839506173,0.947326575233552
42,correto,P-correto,VP,1,1,0.977039770397704,0.9193672839506173,0.947326575233552
42,correto,P-incorreto,FP,1,0,0.977039770397704,0.9193672839506173,0.947326575233552
42,correto,P-correto,VP,1,1,0.977039770397704,0.9193672839506173,0.947326575233552
43,correto,P-correto,VP,1,1,0.977039770397704,0.9193672839506173,0.947326575233552
41,correto,P-correto,VP,1,1,0.977039770397704,0.9193672839506173,0.947326575233552
43,correto,P-correto,VP,1,1,0.977039770397704,0.9193672839506173,0.947326575233552
42,correto,P-correto,VP,1,1,0.977039770397704,0.9193672839506173,0.947326575233552
42,correto,P-correto,VP,1,1,0.977039770397704,0.9193672839506173,0.947326575233552
41,correto,P-correto,VP,1,1,0.977039770397704,0.9193672839506173,0.947326575233552
42,correto,P-correto,VP,1,1,0.977039770397704,0.9193672839506173,0.947326575233552
42,correto,P-correto,VP,1,1,0.977039770397704,0.9193672839506173,0.947326575233552
41,correto,P-correto,VP,1,1,0.977039770397704,0.9193672839506173,0.947326575233552
43,correto,P-correto,VP,1,1,0.977039770397704,0.9193672839506173,0.947326575233552
42,correto,P-correto,VP,1,1,0.977039770397704,0.9193672839506173,0.947326575233552
42,correto,P-correto,VP,1,1,0.977039770397704,0.9193672839506173,0.947326575233552
43,correto,P-correto,VP,1,1,0.977039770397704,0.9193672839506173,0.947326575233552
42,correto,P-correto,VP,1,1,0.977039770397704,0.9193672839506173,0.947326575233552
41,correto,P-correto,VP,1,1,0.977039770397704,0.9193672839506173,0.947326575233552
42,correto,P-correto,VP,1,1,0.977039770397704,0.9193672839506173,0.947326575233552
41,correto,P-correto,VP,1,1,0.977039770397704,0.9193672839506173,0.947326575233552
42,correto,P-correto,VP,1,1,0.977039770397704,0.9193672839506173,0.947326575233552
43,correto,P-correto,VP,1,1,0.977039770397704,0.9193672839506173,0.947326575233552
27,incorreto,P-incorreto,VN,0,0,0.977039770397704,0.9193672839506173,0.947326575233552
43,correto,P-correto,VP,1,1,0.977039770397704,0.9193672839506173,0.947326575233552
42,correto,P-correto,VP,1,1,0.977039770397704,0.9193672839506173,0.947326575233552
42,correto,P-correto,VP,1,1,0.977039770397704,0.9193672839506173,0.947326575233552
41,correto,P-correto,VP,1,1,0.977039770397704,0.9193672839506173,0.947326575233552
41,correto,P-correto,VP,1,1,0.977039770397704,0.9193672839506173,0.947326575233552
42,correto,P-correto,VP,1,1,0.977039770397704,0.9193672839506173,0.947326575233552
42,correto,P-correto,VP,1,1,0.977039770397704,0.9193672839506173,0.947326575233552
43,correto,P-correto,VP,1,1,0.977039770397704,0.9193672839506173,0.947326575233552
42,correto,P-correto,VP,1,1,0.977039770397704,0.9193672839506173,0.947326575233552
42,correto,P-correto,VP,1,1,0.977039770397704,0.9193672839506173,0.947326575233552
42,correto,P-correto,VP,1,1,0.977039770397704,0.9193672839506173,0.947326575233552
41,correto,P-correto,VP,1,1,0.977039770397704,0.9193672839506173,0.947326575233552
41,correto,P-correto,VP,1,1,0.977039770397704,0.9193672839506173,0.947326575233552
43,correto,P-correto,VP,1,1,0.977039770397704,0.9193672839506173,0.947326575233552
42,correto,P-correto,VP,1,1,0.977039770397704,0.9193672839506173,0.947326575233552
43,correto,P-correto,VP,1,1,0.977039770397704,0.9193672839506173,0.947326575233552
42,correto,P-correto,VP,1,1,0.977039770397704,0.9193672839506173,0.947326575233552
42,correto,P-correto,VP,1,1,0.977039770397704,0.9193672839506173,0.947326575233552
41,correto,P-correto,VP,1,1,0.977039770397704,0.9193672839506173,0.947326575233552
44,incorreto,P-correto,FN,0,1,0.977039770397704,0.9193672839506173,0.947326575233552
42,correto,P-correto,VP,1,1,0.977039770397704,0.9193672839506173,0.947326575233552
41,correto,P-correto,VP,1,1,0.977039770397704,0.9193672839506173,0.947326575233552
43,correto,P-correto,VP,1,1,0.977039770397704,0.9193672839506173,0.947326575233552
42,correto,P-correto,VP,1,1,0.977039770397704,0.9193672839506173,0.947326575233552
42,correto,P-correto,VP,1,1,0.977039770397704,0.9193672839506173,0.947326575233552
41,correto,P-correto,VP,1,1,0.977039770397704,0.9193672839506173,0.947326575233552
42,correto,P-correto,VP,1,1,0.977039770397704,0.9193672839506173,0.947326575233552
42,correto,P-correto,VP,1,1,0.977039770397704,0.9193672839506173,0.947326575233552
42,correto,P-correto,VP,1,1,0.977039770397704,0.9193672839506173,0.947326575233552
42,correto,P-correto,VP,1,1,0.977039770397704,0.9193672839506173,0.947326575233552
42,correto,P-correto,VP,1,1,0.977039770397704,0.9193672839506173,0.947326575233552
41,correto,P-correto,VP,1,1,0.977039770397704,0.9193672839506173,0.947326575233552
42,correto,P-correto,VP,1,1,0.977039770397704,0.9193672839506173,0.947326575233552
50,incorreto,P-incorreto,VN,0,0,0.977039770397704,0.9193672839506173,0.947326575233552
42,correto,P-correto,VP,1,1,0.977039770397704,0.9193672839506173,0.947326575233552
42,correto,P-correto,VP,1,1,0.977039770397704,0.9193672839506173,0.947326575233552
43,correto,P-correto,VP,1,1,0.977039770397704,0.9193672839506173,0.947326575233552
37,incorreto,P-incorreto,VN,0,0,0.977039770397704,0.9193672839506173,0.947326575233552
47,incorreto,P-incorreto,VN,0,0,0.977039770397704,0.9193672839506173,0.947326575233552
41,correto,P-correto,VP,1,1,0.977039770397704,0.9193672839506173,0.947326575233552
41,correto,P-correto,VP,1,1,0.977039770397704,0.9193672839506173,0.947326575233552
42,correto,P-correto,VP,1,1,0.977039770397704,0.9193672839506173,0.947326575233552
41,correto,P-incorreto,FP,1,0,0.977039770397704,0.9193672839506173,0.947326575233552
42,correto,P-correto,VP,1,1,0.977039770397704,0.9193672839506173,0.947326575233552
42,correto,P-correto,VP,1,1,0.977039770397704,0.9193672839506173,0.947326575233552
42,correto,P-correto,VP,1,1,0.977039770397704,0.9193672839506173,0.947326575233552
41,correto,P-correto,VP,1,1,0.977039770397704,0.9193672839506173,0.947326575233552
42,correto,P-correto,VP,1,1,0.977039770397704,0.9193672839506173,0.947326575233552
43,correto,P-correto,VP,1,1,0.977039770397704,0.9193672839506173,0.947326575233552
43,correto,P-correto,VP,1,1,0.977039770397704,0.9193672839506173,0.947326575233552
42,correto,P-correto,VP,1,1,0.977039770397704,0.9193672839506173,0.947326575233552
41,correto,P-correto,VP,1,1,0.977039770397704,0.9193672839506173,0.947326575233552
42,correto,P-correto,VP,1,1,0.977039770397704,0.9193672839506173,0.947326575233552
42,correto,P-correto,VP,1,1,0.977039770397704,0.9193672839506173,0.947326575233552
43,correto,P-correto,VP,1,1,0.977039770397704,0.9193672839506173,0.947326575233552
42,correto,P-correto,VP,1,1,0.977039770397704,0.9193672839506173,0.947326575233552
37,incorreto,P-incorreto,VN,0,0,0.977039770397704,0.9193672839506173,0.947326575233552
42,correto,P-correto,VP,1,1,0.977039770397704,0.9193672839506173,0.947326575233552
42,correto,P-correto,VP,1,1,0.977039770397704,0.9193672839506173,0.947326575233552
41,correto,P-correto,VP,1,1,0.977039770397704,0.9193672839506173,0.947326575233552
41,correto,P-correto,VP,1,1,0.977039770397704,0.9193672839506173,0.947326575233552
41,correto,P-correto,VP,1,1,0.977039770397704,0.9193672839506173,0.947326575233552
42,correto,P-correto,VP,1,1,0.977039770397704,0.9193672839506173,0.947326575233552
42,correto,P-correto,VP,1,1,0.977039770397704,0.9193672839506173,0.947326575233552
42,correto,P-correto,VP,1,1,0.977039770397704,0.9193672839506173,0.947326575233552
18,incorreto,P-incorreto,VN,0,0,0.977039770397704,0.9193672839506173,0.947326575233552
42,correto,P-correto,VP,1,1,0.977039770397704,0.9193672839506173,0.947326575233552
60,incorreto,P-incorreto,VN,0,0,0.977039770397704,0.9193672839506173,0.947326575233552
42,correto,P-correto,VP,1,1,0.977039770397704,0.9193672839506173,0.947326575233552
42,correto,P-correto,VP,1,1,0.977039770397704,0.9193672839506173,0.947326575233552
42,correto,P-correto,VP,1,1,0.977039770397704,0.9193672839506173,0.947326575233552
42,correto,P-correto,VP,1,1,0.977039770397704,0.9193672839506173,0.947326575233552
42,correto,P-correto,VP,1,1,0.977039770397704,0.9193672839506173,0.947326575233552
42,correto,P-correto,VP,1,1,0.977039770397704,0.9193672839506173,0.947326575233552
41,correto,P-correto,VP,1,1,0.977039770397704,0.9193672839506173,0.947326575233552
42,correto,P-correto,VP,1,1,0.977039770397704,0.9193672839506173,0.947326575233552
42,correto,P-correto,VP,1,1,0.977039770397704,0.9193672839506173,0.947326575233552
43,correto,P-correto,VP,1,1,0.977039770397704,0.9193672839506173,0.947326575233552
41,correto,P-correto,VP,1,1,0.977039770397704,0.9193672839506173,0.947326575233552
42,correto,P-correto,VP,1,1,0.977039770397704,0.9193672839506173,0.947326575233552
42,correto,P-correto,VP,1,1,0.977039770397704,0.9193672839506173,0.947326575233552
42,correto,P-correto,VP,1,1,0.977039770397704,0.9193672839506173,0.947326575233552
38,incorreto,P-incorreto,VN,0,0,0.977039770397704,0.9193672839506173,0.947326575233552
42,correto,P-correto,VP,1,1,0.977039770397704,0.9193672839506173,0.947326575233552
42,correto,P-incorreto,FP,1,0,0.977039770397704,0.9193672839506173,0.947326575233552
41,correto,P-incorreto,FP,1,0,0.977039770397704,0.9193672839506173,0.947326575233552
56,incorreto,P-incorreto,VN,0,0,0.977039770397704,0.9193672839506173,0.947326575233552
41,correto,P-correto,VP,1,1,0.977039770397704,0.9193672839506173,0.947326575233552
41,incorreto,P-correto,FN,0,1,0.977039770397704,0.9193672839506173,0.947326575233552
43,correto,P-correto,VP,1,1,0.977039770397704,0.9193672839506173,0.947326575233552
42,correto,P-correto,VP,1,1,0.977039770397704,0.9193672839506173,0.947326575233552
43,correto,P-correto,VP,1,1,0.977039770397704,0.9193672839506173,0.947326575233552
40,incorreto,P-correto,FN,0,1,0.977039770397704,0.9193672839506173,0.947326575233552
40,incorreto,P-incorreto,VN,0,0,0.977039770397704,0.9193672839506173,0.947326575233552
42,correto,P-correto,VP,1,1,0.977039770397704,0.9193672839506173,0.947326575233552
51,incorreto,P-incorreto,VN,0,0,0.977039770397704,0.9193672839506173,0.947326575233552
53,incorreto,P-incorreto,VN,0,0,0.977039770397704,0.9193672839506173,0.947326575233552
41,correto,P-correto,VP,1,1,0.977039770397704,0.9193672839506173,0.947326575233552
43,correto,P-correto,VP,1,1,0.977039770397704,0.9193672839506173,0.947326575233552
41,correto,P-correto,VP,1,1,0.977039770397704,0.9193672839506173,0.947326575233552
42,correto,P-correto,VP,1,1,0.977039770397704,0.9193672839506173,0.947326575233552
24,incorreto,P-incorreto,VN,0,0,0.977039770397704,0.9193672839506173,0.947326575233552
41,correto,P-correto,VP,1,1,0.977039770397704,0.9193672839506173,0.947326575233552
42,correto,P-correto,VP,1,1,0.977039770397704,0.9193672839506173,0.947326575233552
42,correto,P-correto,VP,1,1,0.977039770397704,0.9193672839506173,0.947326575233552
43,correto,P-correto,VP,1,1,0.977039770397704,0.9193672839506173,0.947326575233552
42,correto,P-correto,VP,1,1,0.977039770397704,0.9193672839506173,0.947326575233552
41,correto,P-correto,VP,1,1,0.977039770397704,0.9193672839506173,0.947326575233552
41,correto,P-correto,VP,1,1,0.977039770397704,0.9193672839506173,0.947326575233552
39,incorreto,P-incorreto,VN,0,0,0.977039770397704,0.9193672839506173,0.947326575233552
42,correto,P-correto,VP,1,1,0.977039770397704,0.9193672839506173,0.947326575233552
43,correto,P-correto,VP,1,1,0.977039770397704,0.9193672839506173,0.947326575233552
42,correto,P-correto,VP,1,1,0.977039770397704,0.9193672839506173,0.947326575233552
42,correto,P-correto,VP,1,1,0.977039770397704,0.9193672839506173,0.947326575233552
42,correto,P-correto,VP,1,1,0.977039770397704,0.9193672839506173,0.947326575233552
42,correto,P-correto,VP,1,1,0.977039770397704,0.9193672839506173,0.947326575233552
42,correto,P-correto,VP,1,1,0.977039770397704,0.9193672839506173,0.947326575233552
42,correto,P-correto,VP,1,1,0.977039770397704,0.9193672839506173,0.947326575233552
37,incorreto,P-incorreto,VN,0,0,0.977039770397704,0.9193672839506173,0.947326575233552
42,correto,P-correto,VP,1,1,0.977039770397704,0.9193672839506173,0.947326575233552
42,correto,P-correto,VP,1,1,0.977039770397704,0.9193672839506173,0.947326575233552
41,correto,P-correto,VP,1,1,0.977039770397704,0.9193672839506173,0.947326575233552
42,correto,P-correto,VP,1,1,0.977039770397704,0.9193672839506173,0.947326575233552
42,correto,P-correto,VP,1,1,0.977039770397704,0.9193672839506173,0.947326575233552
42,correto,P-correto,VP,1,1,0.977039770397704,0.9193672839506173,0.947326575233552
42,correto,P-incorreto,FP,1,0,0.977039770397704,0.9193672839506173,0.947326575233552
41,correto,P-correto,VP,1,1,0.977039770397704,0.9193672839506173,0.947326575233552
42,correto,P-correto,VP,1,1,0.977039770397704,0.9193672839506173,0.947326575233552
42,correto,P-correto,VP,1,1,0.977039770397704,0.9193672839506173,0.947326575233552
42,correto,P-correto,VP,1,1,0.977039770397704,0.9193672839506173,0.947326575233552
38,incorreto,P-incorreto,VN,0,0,0.977039770397704,0.9193672839506173,0.947326575233552
42,correto,P-correto,VP,1,1,0.977039770397704,0.9193672839506173,0.947326575233552
42,correto,P-correto,VP,1,1,0.977039770397704,0.9193672839506173,0.947326575233552
42,correto,P-correto,VP,1,1,0.977039770397704,0.9193672839506173,0.947326575233552
41,correto,P-incorreto,FP,1,0,0.977039770397704,0.9193672839506173,0.947326575233552
41,correto,P-correto,VP,1,1,0.977039770397704,0.9193672839506173,0.947326575233552
42,correto,P-incorreto,FP,1,0,0.977039770397704,0.9193672839506173,0.947326575233552
42,correto,P-correto,VP,1,1,0.977039770397704,0.9193672839506173,0.947326575233552
42,correto,P-correto,VP,1,1,0.977039770397704,0.9193672839506173,0.947326575233552
42,correto,P-correto,VP,1,1,0.977039770397704,0.9193672839506173,0.947326575233552
42,correto,P-correto,VP,1,1,0.977039770397704,0.9193672839506173,0.947326575233552
56,incorreto,P-incorreto,VN,0,0,0.977039770397704,0.9193672839506173,0.947326575233552
43,correto,P-correto,VP,1,1,0.977039770397704,0.9193672839506173,0.947326575233552
42,correto,P-correto,VP,1,1,0.977039770397704,0.9193672839506173,0.947326575233552
42,correto,P-correto,VP,1,1,0.977039770397704,0.9193672839506173,0.947326575233552
42,correto,P-correto,VP,1,1,0.977039770397704,0.9193672839506173,0.947326575233552
42,correto,P-correto,VP,1,1,0.977039770397704,0.9193672839506173,0.947326575233552
41,correto,P-correto,VP,1,1,0.977039770397704,0.9193672839506173,0.947326575233552
43,correto,P-correto,VP,1,1,0.977039770397704,0.9193672839506173,0.947326575233552
42,correto,P-correto,VP,1,1,0.977039770397704,0.9193672839506173,0.947326575233552
42,correto,P-correto,VP,1,1,0.977039770397704,0.9193672839506173,0.947326575233552
42,correto,P-correto,VP,1,1,0.977039770397704,0.9193672839506173,0.947326575233552
42,correto,P-correto,VP,1,1,0.977039770397704,0.9193672839506173,0.947326575233552
42,correto,P-correto,VP,1,1,0.977039770397704,0.9193672839506173,0.947326575233552
43,correto,P-correto,VP,1,1,0.977039770397704,0.9193672839506173,0.947326575233552
42,correto,P-correto,VP,1,1,0.977039770397704,0.9193672839506173,0.947326575233552
42,correto,P-correto,VP,1,1,0.977039770397704,0.9193672839506173,0.947326575233552
42,correto,P-correto,VP,1,1,0.977039770397704,0.9193672839506173,0.947326575233552
42,correto,P-correto,VP,1,1,0.977039770397704,0.9193672839506173,0.947326575233552
43,correto,P-correto,VP,1,1,0.977039770397704,0.9193672839506173,0.947326575233552
41,correto,P-correto,VP,1,1,0.977039770397704,0.9193672839506173,0.947326575233552
42,correto,P-correto,VP,1,1,0.977039770397704,0.9193672839506173,0.947326575233552
42,correto,P-correto,VP,1,1,0.977039770397704,0.9193672839506173,0.947326575233552
37,incorreto,P-incorreto,VN,0,0,0.977039770397704,0.9193672839506173,0.947326575233552
42,correto,P-correto,VP,1,1,0.977039770397704,0.9193672839506173,0.947326575233552
42,correto,P-correto,VP,1,1,0.977039770397704,0.9193672839506173,0.947326575233552
43,correto,P-correto,VP,1,1,0.977039770397704,0.9193672839506173,0.947326575233552
42,correto,P-correto,VP,1,1,0.977039770397704,0.9193672839506173,0.947326575233552
43,correto,P-correto,VP,1,1,0.977039770397704,0.9193672839506173,0.947326575233552
42,correto,P-correto,VP,1,1,0.977039770397704,0.9193672839506173,0.947326575233552
42,correto,P-correto,VP,1,1,0.977039770397704,0.9193672839506173,0.947326575233552
42,correto,P-correto,VP,1,1,0.977039770397704,0.9193672839506173,0.947326575233552
42,correto,P-correto,VP,1,1,0.977039770397704,0.9193672839506173,0.947326575233552
42,correto,P-correto,VP,1,1,0.977039770397704,0.9193672839506173,0.947326575233552
42,correto,P-correto,VP,1,1,0.977039770397704,0.9193672839506173,0.947326575233552
42,correto,P-correto,VP,1,1,0.977039770397704,0.9193672839506173,0.947326575233552
42,correto,P-correto,VP,1,1,0.977039770397704,0.9193672839506173,0.947326575233552
43,correto,P-correto,VP,1,1,0.977039770397704,0.9193672839506173,0.947326575233552
42,correto,P-correto,VP,1,1,0.977039770397704,0.9193672839506173,0.947326575233552
42,correto,P-correto,VP,1,1,0.977039770397704,0.9193672839506173,0.947326575233552
43,correto,P-correto,VP,1,1,0.977039770397704,0.9193672839506173,0.947326575233552
43,correto,P-correto,VP,1,1,0.977039770397704,0.9193672839506173,0.947326575233552
43,correto,P-correto,VP,1,1,0.977039770397704,0.9193672839506173,0.947326575233552
43,correto,P-incorreto,FP,1,0,0.977039770397704,0.9193672839506173,0.947326575233552
40,incorreto,P-correto,FN,0,1,0.977039770397704,0.9193672839506173,0.947326575233552
43,correto,P-incorreto,FP,1,0,0.977039770397704,0.9193672839506173,0.947326575233552
27,incorreto,P-incorreto,VN,0,0,0.977039770397704,0.9193672839506173,0.947326575233552
42,correto,P-correto,VP,1,1,0.977039770397704,0.9193672839506173,0.947326575233552
42,correto,P-correto,VP,1,1,0.977039770397704,0.9193672839506173,0.947326575233552
42,correto,P-correto,VP,1,1,0.977039770397704,0.9193672839506173,0.947326575233552
42,correto,P-correto,VP,1,1,0.977039770397704,0.9193672839506173,0.947326575233552
42,correto,P-correto,VP,1,1,0.977039770397704,0.9193672839506173,0.947326575233552
41,correto,P-correto,VP,1,1,0.977039770397704,0.9193672839506173,0.947326575233552
43,correto,P-correto,VP,1,1,0.977039770397704,0.9193672839506173,0.947326575233552
42,correto,P-correto,VP,1,1,0.977039770397704,0.9193672839506173,0.947326575233552
42,correto,P-correto,VP,1,1,0.977039770397704,0.9193672839506173,0.947326575233552
42,correto,P-correto,VP,1,1,0.977039770397704,0.9193672839506173,0.947326575233552
42,correto,P-correto,VP,1,1,0.977039770397704,0.9193672839506173,0.947326575233552
43,correto,P-correto,VP,1,1,0.977039770397704,0.9193672839506173,0.947326575233552
42,correto,P-correto,VP,1,1,0.977039770397704,0.9193672839506173,0.947326575233552
42,correto,P-correto,VP,1,1,0.977039770397704,0.9193672839506173,0.947326575233552
42,correto,P-correto,VP,1,1,0.977039770397704,0.9193672839506173,0.947326575233552
42,correto,P-correto,VP,1,1,0.977039770397704,0.9193672839506173,0.947326575233552
42,correto,P-correto,VP,1,1,0.977039770397704,0.9193672839506173,0.947326575233552
43,correto,P-correto,VP,1,1,0.977039770397704,0.9193672839506173,0.947326575233552
42,correto,P-correto,VP,1,1,0.977039770397704,0.9193672839506173,0.947326575233552
43,correto,P-correto,VP,1,1,0.977039770397704,0.9193672839506173,0.947326575233552
39,incorreto,P-incorreto,VN,0,0,0.977039770397704,0.9193672839506173,0.947326575233552
42,correto,P-correto,VP,1,1,0.977039770397704,0.9193672839506173,0.947326575233552
42,correto,P-correto,VP,1,1,0.977039770397704,0.9193672839506173,0.947326575233552
43,correto,P-correto,VP,1,1,0.977039770397704,0.9193672839506173,0.947326575233552
42,correto,P-correto,VP,1,1,0.977039770397704,0.9193672839506173,0.947326575233552
41,correto,P-correto,VP,1,1,0.977039770397704,0.9193672839506173,0.947326575233552
41,correto,P-correto,VP,1,1,0.977039770397704,0.9193672839506173,0.947326575233552
38,incorreto,P-incorreto,VN,0,0,0.977039770397704,0.9193672839506173,0.947326575233552
42,correto,P-correto,VP,1,1,0.977039770397704,0.9193672839506173,0.947326575233552
42,correto,P-correto,VP,1,1,0.977039770397704,0.9193672839506173,0.947326575233552
42,correto,P-correto,VP,1,1,0.977039770397704,0.9193672839506173,0.947326575233552
42,correto,P-correto,VP,1,1,0.977039770397704,0.9193672839506173,0.947326575233552
42,correto,P-incorreto,FP,1,0,0.977039770397704,0.9193672839506173,0.947326575233552
42,correto,P-correto,VP,1,1,0.977039770397704,0.9193672839506173,0.947326575233552
42,correto,P-correto,VP,1,1,0.977039770397704,0.9193672839506173,0.947326575233552
42,correto,P-incorreto,FP,1,0,0.977039770397704,0.9193672839506173,0.947326575233552
40,incorreto,P-correto,FN,0,1,0.977039770397704,0.9193672839506173,0.947326575233552
42,correto,P-correto,VP,1,1,0.977039770397704,0.9193672839506173,0.947326575233552
42,correto,P-correto,VP,1,1,0.977039770397704,0.9193672839506173,0.947326575233552
42,correto,P-correto,VP,1,1,0.977039770397704,0.9193672839506173,0.947326575233552
42,correto,P-correto,VP,1,1,0.977039770397704,0.9193672839506173,0.947326575233552
42,correto,P-correto,VP,1,1,0.977039770397704,0.9193672839506173,0.947326575233552
41,correto,P-correto,VP,1,1,0.977039770397704,0.9193672839506173,0.947326575233552
42,correto,P-correto,VP,1,1,0.977039770397704,0.9193672839506173,0.947326575233552
42,correto,P-correto,VP,1,1,0.977039770397704,0.9193672839506173,0.947326575233552
43,correto,P-correto,VP,1,1,0.977039770397704,0.9193672839506173,0.947326575233552
54,incorreto,P-incorreto,VN,0,0,0.977039770397704,0.9193672839506173,0.947326575233552
41,correto,P-correto,VP,1,1,0.977039770397704,0.9193672839506173,0.947326575233552
41,correto,P-incorreto,FP,1,0,0.977039770397704,0.9193672839506173,0.947326575233552
50,incorreto,P-incorreto,VN,0,0,0.977039770397704,0.9193672839506173,0.947326575233552
43,correto,P-correto,VP,1,1,0.977039770397704,0.9193672839506173,0.947326575233552
42,correto,P-incorreto,FP,1,0,0.977039770397704,0.9193672839506173,0.947326575233552
41,correto,P-correto,VP,1,1,0.977039770397704,0.9193672839506173,0.947326575233552
33,incorreto,P-incorreto,VN,0,0,0.977039770397704,0.9193672839506173,0.947326575233552
42,correto,P-correto,VP,1,1,0.977039770397704,0.9193672839506173,0.947326575233552
42,correto,P-correto,VP,1,1,0.977039770397704,0.9193672839506173,0.947326575233552
43,correto,P-correto,VP,1,1,0.977039770397704,0.9193672839506173,0.947326575233552
42,correto,P-incorreto,FP,1,0,0.977039770397704,0.9193672839506173,0.947326575233552
41,correto,P-correto,VP,1,1,0.977039770397704,0.9193672839506173,0.947326575233552
42,correto,P-correto,VP,1,1,0.977039770397704,0.9193672839506173,0.947326575233552
42,correto,P-correto,VP,1,1,0.977039770397704,0.9193672839506173,0.947326575233552
42,correto,P-correto,VP,1,1,0.977039770397704,0.9193672839506173,0.947326575233552
42,correto,P-correto,VP,1,1,0.977039770397704,0.9193672839506173,0.947326575233552
42,correto,P-correto,VP,1,1,0.977039770397704,0.9193672839506173,0.947326575233552
42,correto,P-correto,VP,1,1,0.977039770397704,0.9193672839506173,0.947326575233552
42,correto,P-incorreto,FP,1,0,0.977039770397704,0.9193672839506173,0.947326575233552
42,correto,P-incorreto,FP,1,0,0.977039770397704,0.9193672839506173,0.947326575233552
42,correto,P-correto,VP,1,1,0.977039770397704,0.9193672839506173,0.947326575233552
42,correto,P-correto,VP,1,1,0.977039770397704,0.9193672839506173,0.947326575233552
42,correto,P-correto,VP,1,1,0.977039770397704,0.9193672839506173,0.947326575233552
42,correto,P-correto,VP,1,1,0.977039770397704,0.9193672839506173,0.947326575233552
42,correto,P-correto,VP,1,1,0.977039770397704,0.9193672839506173,0.947326575233552
43,correto,P-incorreto,FP,1,0,0.977039770397704,0.9193672839506173,0.947326575233552
42,correto,P-correto,VP,1,1,0.977039770397704,0.9193672839506173,0.947326575233552
41,correto,P-correto,VP,1,1,0.977039770397704,0.9193672839506173,0.947326575233552
43,correto,P-correto,VP,1,1,0.977039770397704,0.9193672839506173,0.947326575233552
42,correto,P-correto,VP,1,1,0.977039770397704,0.9193672839506173,0.947326575233552
42,correto,P-correto,VP,1,1,0.977039770397704,0.9193672839506173,0.947326575233552
38,incorreto,P-incorreto,VN,0,0,0.977039770397704,0.9193672839506173,0.947326575233552
42,correto,P-correto,VP,1,1,0.977039770397704,0.9193672839506173,0.947326575233552
41,correto,P-correto,VP,1,1,0.977039770397704,0.9193672839506173,0.947326575233552
42,correto,P-correto,VP,1,1,0.977039770397704,0.9193672839506173,0.947326575233552
42,correto,P-correto,VP,1,1,0.977039770397704,0.9193672839506173,0.947326575233552
42,correto,P-correto,VP,1,1,0.977039770397704,0.9193672839506173,0.947326575233552
42,correto,P-correto,VP,1,1,0.977039770397704,0.9193672839506173,0.947326575233552
42,correto,P-correto,VP,1,1,0.977039770397704,0.9193672839506173,0.947326575233552
42,correto,P-correto,VP,1,1,0.977039770397704,0.9193672839506173,0.947326575233552
42,correto,P-correto,VP,1,1,0.977039770397704,0.9193672839506173,0.947326575233552
42,correto,P-correto,VP,1,1,0.977039770397704,0.9193672839506173,0.947326575233552
42,correto,P-correto,VP,1,1,0.977039770397704,0.9193672839506173,0.947326575233552
41,correto,P-correto,VP,1,1,0.977039770397704,0.9193672839506173,0.947326575233552
43,correto,P-correto,VP,1,1,0.977039770397704,0.9193672839506173,0.947326575233552
42,correto,P-correto,VP,1,1,0.977039770397704,0.9193672839506173,0.947326575233552
43,correto,P-correto,VP,1,1,0.977039770397704,0.9193672839506173,0.947326575233552
42,correto,P-correto,VP,1,1,0.977039770397704,0.9193672839506173,0.947326575233552
42,correto,P-correto,VP,1,1,0.977039770397704,0.9193672839506173,0.947326575233552
42,correto,P-correto,VP,1,1,0.977039770397704,0.9193672839506173,0.947326575233552
42,correto,P-correto,VP,1,1,0.977039770397704,0.9193672839506173,0.947326575233552
43,correto,P-correto,VP,1,1,0.977039770397704,0.9193672839506173,0.947326575233552
43,correto,P-correto,VP,1,1,0.977039770397704,0.9193672839506173,0.947326575233552
42,correto,P-correto,VP,1,1,0.977039770397704,0.9193672839506173,0.947326575233552
47,incorreto,P-incorreto,VN,0,0,0.977039770397704,0.9193672839506173,0.947326575233552
42,correto,P-correto,VP,1,1,0.977039770397704,0.9193672839506173,0.947326575233552
42,correto,P-correto,VP,1,1,0.977039770397704,0.9193672839506173,0.947326575233552
42,correto,P-correto,VP,1,1,0.977039770397704,0.9193672839506173,0.947326575233552
41,correto,P-correto,VP,1,1,0.977039770397704,0.9193672839506173,0.947326575233552
42,correto,P-correto,VP,1,1,0.977039770397704,0.9193672839506173,0.947326575233552
41,correto,P-correto,VP,1,1,0.977039770397704,0.9193672839506173,0.947326575233552
42,correto,P-correto,VP,1,1,0.977039770397704,0.9193672839506173,0.947326575233552
56,incorreto,P-incorreto,VN,0,0,0.977039770397704,0.9193672839506173,0.947326575233552
29,incorreto,P-incorreto,VN,0,0,0.977039770397704,0.9193672839506173,0.947326575233552
42,correto,P-correto,VP,1,1,0.977039770397704,0.9193672839506173,0.947326575233552
42,correto,P-correto,VP,1,1,0.977039770397704,0.9193672839506173,0.947326575233552
43,correto,P-correto,VP,1,1,0.977039770397704,0.9193672839506173,0.947326575233552
42,correto,P-correto,VP,1,1,0.977039770397704,0.9193672839506173,0.947326575233552
42,correto,P-correto,VP,1,1,0.977039770397704,0.9193672839506173,0.947326575233552
41,correto,P-incorreto,FP,1,0,0.977039770397704,0.9193672839506173,0.947326575233552
52,incorreto,P-incorreto,VN,0,0,0.977039770397704,0.9193672839506173,0.947326575233552
42,correto,P-correto,VP,1,1,0.977039770397704,0.9193672839506173,0.947326575233552
35,incorreto,P-incorreto,VN,0,0,0.977039770397704,0.9193672839506173,0.947326575233552
42,correto,P-incorreto,FP,1,0,0.977039770397704,0.9193672839506173,0.947326575233552
42,correto,P-correto,VP,1,1,0.977039770397704,0.9193672839506173,0.947326575233552
42,correto,P-correto,VP,1,1,0.977039770397704,0.9193672839506173,0.947326575233552
43,correto,P-correto,VP,1,1,0.977039770397704,0.9193672839506173,0.947326575233552
42,correto,P-correto,VP,1,1,0.977039770397704,0.9193672839506173,0.947326575233552
42,correto,P-correto,VP,1,1,0.977039770397704,0.9193672839506173,0.947326575233552
42,correto,P-correto,VP,1,1,0.977039770397704,0.9193672839506173,0.947326575233552
41,correto,P-correto,VP,1,1,0.977039770397704,0.9193672839506173,0.947326575233552
42,correto,P-incorreto,FP,1,0,0.977039770397704,0.9193672839506173,0.947326575233552
41,correto,P-correto,VP,1,1,0.977039770397704,0.9193672839506173,0.947326575233552
49,incorreto,P-incorreto,VN,0,0,0.977039770397704,0.9193672839506173,0.947326575233552
42,correto,P-correto,VP,1,1,0.977039770397704,0.9193672839506173,0.947326575233552
42,correto,P-incorreto,FP,1,0,0.977039770397704,0.9193672839506173,0.947326575233552
42,correto,P-correto,VP,1,1,0.977039770397704,0.9193672839506173,0.947326575233552
43,correto,P-correto,VP,1,1,0.977039770397704,0.9193672839506173,0.947326575233552
42,correto,P-incorreto,FP,1,0,0.977039770397704,0.9193672839506173,0.947326575233552
42,correto,P-correto,VP,1,1,0.977039770397704,0.9193672839506173,0.947326575233552
43,correto,P-correto,VP,1,1,0.977039770397704,0.9193672839506173,0.947326575233552
42,correto,P-correto,VP,1,1,0.977039770397704,0.9193672839506173,0.947326575233552
42,correto,P-correto,VP,1,1,0.977039770397704,0.9193672839506173,0.947326575233552
43,correto,P-correto,VP,1,1,0.977039770397704,0.9193672839506173,0.947326575233552
43,correto,P-correto,VP,1,1,0.977039770397704,0.9193672839506173,0.947326575233552
42,correto,P-correto,VP,1,1,0.977039770397704,0.9193672839506173,0.947326575233552
42,correto,P-correto,VP,1,1,0.977039770397704,0.9193672839506173,0.947326575233552
42,correto,P-correto,VP,1,1,0.977039770397704,0.9193672839506173,0.947326575233552
42,correto,P-correto,VP,1,1,0.977039770397704,0.9193672839506173,0.947326575233552
42,correto,P-correto,VP,1,1,0.977039770397704,0.9193672839506173,0.947326575233552
42,correto,P-correto,VP,1,1,0.977039770397704,0.9193672839506173,0.947326575233552
42,correto,P-correto,VP,1,1,0.977039770397704,0.9193672839506173,0.947326575233552
42,correto,P-correto,VP,1,1,0.977039770397704,0.9193672839506173,0.947326575233552
49,incorreto,P-incorreto,VN,0,0,0.977039770397704,0.9193672839506173,0.947326575233552
41,correto,P-correto,VP,1,1,0.977039770397704,0.9193672839506173,0.947326575233552
42,correto,P-correto,VP,1,1,0.977039770397704,0.9193672839506173,0.947326575233552
42,correto,P-correto,VP,1,1,0.977039770397704,0.9193672839506173,0.947326575233552
42,correto,P-correto,VP,1,1,0.977039770397704,0.9193672839506173,0.947326575233552
42,correto,P-correto,VP,1,1,0.977039770397704,0.9193672839506173,0.947326575233552
42,correto,P-correto,VP,1,1,0.977039770397704,0.9193672839506173,0.947326575233552
42,correto,P-correto,VP,1,1,0.977039770397704,0.9193672839506173,0.947326575233552
42,correto,P-correto,VP,1,1,0.977039770397704,0.9193672839506173,0.947326575233552
42,correto,P-correto,VP,1,1,0.977039770397704,0.9193672839506173,0.947326575233552
40,incorreto,P-correto,FN,0,1,0.977039770397704,0.9193672839506173,0.947326575233552
42,correto,P-correto,VP,1,1,0.977039770397704,0.9193672839506173,0.947326575233552
43,correto,P-correto,VP,1,1,0.977039770397704,0.9193672839506173,0.947326575233552
42,correto,P-incorreto,FP,1,0,0.977039770397704,0.9193672839506173,0.947326575233552
42,correto,P-correto,VP,1,1,0.977039770397704,0.9193672839506173,0.947326575233552
30,incorreto,P-incorreto,VN,0,0,0.977039770397704,0.9193672839506173,0.947326575233552
42,correto,P-correto,VP,1,1,0.977039770397704,0.9193672839506173,0.947326575233552
42,correto,P-correto,VP,1,1,0.977039770397704,0.9193672839506173,0.947326575233552
42,correto,P-incorreto,FP,1,0,0.977039770397704,0.9193672839506173,0.947326575233552
42,correto,P-correto,VP,1,1,0.977039770397704,0.9193672839506173,0.947326575233552
42,correto,P-correto,VP,1,1,0.977039770397704,0.9193672839506173,0.947326575233552
42,correto,P-correto,VP,1,1,0.977039770397704,0.9193672839506173,0.947326575233552
42,correto,P-correto,VP,1,1,0.977039770397704,0.9193672839506173,0.947326575233552
42,correto,P-correto,VP,1,1,0.977039770397704,0.9193672839506173,0.947326575233552
42,correto,P-correto,VP,1,1,0.977039770397704,0.9193672839506173,0.947326575233552
41,correto,P-correto,VP,1,1,0.977039770397704,0.9193672839506173,0.947326575233552
42,correto,P-correto,VP,1,1,0.977039770397704,0.9193672839506173,0.947326575233552
43,correto,P-correto,VP,1,1,0.977039770397704,0.9193672839506173,0.947326575233552
42,correto,P-correto,VP,1,1,0.977039770397704,0.9193672839506173,0.947326575233552
41,correto,P-incorreto,FP,1,0,0.977039770397704,0.9193672839506173,0.947326575233552
42,correto,P-correto,VP,1,1,0.977039770397704,0.9193672839506173,0.947326575233552
42,correto,P-incorreto,FP,1,0,0.977039770397704,0.9193672839506173,0.947326575233552
42,correto,P-correto,VP,1,1,0.977039770397704,0.9193672839506173,0.947326575233552
42,correto,P-correto,VP,1,1,0.977039770397704,0.9193672839506173,0.947326575233552
46,incorreto,P-incorreto,VN,0,0,0.977039770397704,0.9193672839506173,0.947326575233552
42,correto,P-correto,VP,1,1,0.977039770397704,0.9193672839506173,0.947326575233552
42,correto,P-correto,VP,1,1,0.977039770397704,0.9193672839506173,0.947326575233552
42,correto,P-correto,VP,1,1,0.977039770397704,0.9193672839506173,0.947326575233552
42,correto,P-correto,VP,1,1,0.977039770397704,0.9193672839506173,0.947326575233552
42,correto,P-correto,VP,1,1,0.977039770397704,0.9193672839506173,0.947326575233552
43,correto,P-correto,VP,1,1,0.977039770397704,0.9193672839506173,0.947326575233552
43,correto,P-correto,VP,1,1,0.977039770397704,0.9193672839506173,0.947326575233552
42,correto,P-correto,VP,1,1,0.977039770397704,0.9193672839506173,0.947326575233552
42,correto,P-correto,VP,1,1,0.977039770397704,0.9193672839506173,0.947326575233552
42,correto,P-correto,VP,1,1,0.977039770397704,0.9193672839506173,0.947326575233552
36,incorreto,P-incorreto,VN,0,0,0.977039770397704,0.9193672839506173,0.947326575233552
42,correto,P-correto,VP,1,1,0.977039770397704,0.9193672839506173,0.947326575233552
42,correto,P-correto,VP,1,1,0.977039770397704,0.9193672839506173,0.947326575233552
42,correto,P-correto,VP,1,1,0.977039770397704,0.9193672839506173,0.947326575233552
43,correto,P-correto,VP,1,1,0.977039770397704,0.9193672839506173,0.947326575233552
42,correto,P-correto,VP,1,1,0.977039770397704,0.9193672839506173,0.947326575233552
41,correto,P-correto,VP,1,1,0.977039770397704,0.9193672839506173,0.947326575233552
43,correto,P-correto,VP,1,1,0.977039770397704,0.9193672839506173,0.947326575233552
42,correto,P-correto,VP,1,1,0.977039770397704,0.9193672839506173,0.947326575233552
47,incorreto,P-incorreto,VN,0,0,0.977039770397704,0.9193672839506173,0.947326575233552
42,correto,P-correto,VP,1,1,0.977039770397704,0.9193672839506173,0.947326575233552
42,correto,P-correto,VP,1,1,0.977039770397704,0.9193672839506173,0.947326575233552
43,correto,P-correto,VP,1,1,0.977039770397704,0.9193672839506173,0.947326575233552
43,correto,P-correto,VP,1,1,0.977039770397704,0.9193672839506173,0.947326575233552
41,correto,P-correto,VP,1,1,0.977039770397704,0.9193672839506173,0.947326575233552
43,correto,P-correto,VP,1,1,0.977039770397704,0.9193672839506173,0.947326575233552
41,correto,P-correto,VP,1,1,0.977039770397704,0.9193672839506173,0.947326575233552
41,correto,P-correto,VP,1,1,0.977039770397704,0.9193672839506173,0.947326575233552
42,correto,P-correto,VP,1,1,0.977039770397704,0.9193672839506173,0.947326575233552
42,correto,P-correto,VP,1,1,0.977039770397704,0.9193672839506173,0.947326575233552
42,correto,P-correto,VP,1,1,0.977039770397704,0.9193672839506173,0.947326575233552
42,correto,P-correto,VP,1,1,0.977039770397704,0.9193672839506173,0.947326575233552
42,correto,P-correto,VP,1,1,0.977039770397704,0.9193672839506173,0.947326575233552
41,correto,P-correto,VP,1,1,0.977039770397704,0.9193672839506173,0.947326575233552
42,correto,P-correto,VP,1,1,0.977039770397704,0.9193672839506173,0.947326575233552
42,correto,P-correto,VP,1,1,0.977039770397704,0.9193672839506173,0.947326575233552
43,correto,P-correto,VP,1,1,0.977039770397704,0.9193672839506173,0.947326575233552
42,correto,P-correto,VP,1,1,0.977039770397704,0.9193672839506173,0.947326575233552
42,correto,P-correto,VP,1,1,0.977039770397704,0.9193672839506173,0.947326575233552
27,incorreto,P-incorreto,VN,0,0,0.977039770397704,0.9193672839506173,0.947326575233552
41,correto,P-correto,VP,1,1,0.977039770397704,0.9193672839506173,0.947326575233552
42,correto,P-incorreto,FP,1,0,0.977039770397704,0.9193672839506173,0.947326575233552
42,correto,P-correto,VP,1,1,0.977039770397704,0.9193672839506173,0.947326575233552
42,correto,P-correto,VP,1,1,0.977039770397704,0.9193672839506173,0.947326575233552
42,correto,P-correto,VP,1,1,0.977039770397704,0.9193672839506173,0.947326575233552
41,correto,P-correto,VP,1,1,0.977039770397704,0.9193672839506173,0.947326575233552
42,correto,P-correto,VP,1,1,0.977039770397704,0.9193672839506173,0.947326575233552
42,correto,P-correto,VP,1,1,0.977039770397704,0.9193672839506173,0.947326575233552
41,correto,P-correto,VP,1,1,0.977039770397704,0.9193672839506173,0.947326575233552
41,correto,P-correto,VP,1,1,0.977039770397704,0.9193672839506173,0.947326575233552
42,correto,P-correto,VP,1,1,0.977039770397704,0.9193672839506173,0.947326575233552
41,correto,P-correto,VP,1,1,0.977039770397704,0.9193672839506173,0.947326575233552
41,correto,P-correto,VP,1,1,0.977039770397704,0.9193672839506173,0.947326575233552
42,correto,P-incorreto,FP,1,0,0.977039770397704,0.9193672839506173,0.947326575233552
42,correto,P-correto,VP,1,1,0.977039770397704,0.9193672839506173,0.947326575233552
41,correto,P-correto,VP,1,1,0.977039770397704,0.9193672839506173,0.947326575233552
43,correto,P-correto,VP,1,1,0.977039770397704,0.9193672839506173,0.947326575233552
42,correto,P-correto,VP,1,1,0.977039770397704,0.9193672839506173,0.947326575233552
41,correto,P-correto,VP,1,1,0.977039770397704,0.9193672839506173,0.947326575233552
42,correto,P-correto,VP,1,1,0.977039770397704,0.9193672839506173,0.947326575233552
30,incorreto,P-incorreto,VN,0,0,0.977039770397704,0.9193672839506173,0.947326575233552
43,correto,P-incorreto,FP,1,0,0.977039770397704,0.9193672839506173,0.947326575233552
43,correto,P-correto,VP,1,1,0.977039770397704,0.9193672839506173,0.947326575233552
42,correto,P-correto,VP,1,1,0.977039770397704,0.9193672839506173,0.947326575233552
43,correto,P-correto,VP,1,1,0.977039770397704,0.9193672839506173,0.947326575233552
45,incorreto,P-incorreto,VN,0,0,0.977039770397704,0.9193672839506173,0.947326575233552
41,correto,P-correto,VP,1,1,0.977039770397704,0.9193672839506173,0.947326575233552
42,correto,P-correto,VP,1,1,0.977039770397704,0.9193672839506173,0.947326575233552
42,correto,P-correto,VP,1,1,0.977039770397704,0.9193672839506173,0.947326575233552
42,correto,P-correto,VP,1,1,0.977039770397704,0.9193672839506173,0.947326575233552
42,correto,P-correto,VP,1,1,0.977039770397704,0.9193672839506173,0.947326575233552
43,correto,P-correto,VP,1,1,0.977039770397704,0.9193672839506173,0.947326575233552
42,correto,P-correto,VP,1,1,0.977039770397704,0.9193672839506173,0.947326575233552
42,correto,P-correto,VP,1,1,0.977039770397704,0.9193672839506173,0.947326575233552
43,correto,P-correto,VP,1,1,0.977039770397704,0.9193672839506173,0.947326575233552
42,correto,P-correto,VP,1,1,0.977039770397704,0.9193672839506173,0.947326575233552
42,correto,P-correto,VP,1,1,0.977039770397704,0.9193672839506173,0.947326575233552
42,correto,P-incorreto,FP,1,0,0.977039770397704,0.9193672839506173,0.947326575233552
42,correto,P-correto,VP,1,1,0.977039770397704,0.9193672839506173,0.947326575233552
42,correto,P-correto,VP,1,1,0.977039770397704,0.9193672839506173,0.947326575233552
42,correto,P-correto,VP,1,1,0.977039770397704,0.9193672839506173,0.947326575233552
42,correto,P-correto,VP,1,1,0.977039770397704,0.9193672839506173,0.947326575233552
42,correto,P-correto,VP,1,1,0.977039770397704,0.9193672839506173,0.947326575233552
36,incorreto,P-incorreto,VN,0,0,0.977039770397704,0.9193672839506173,0.947326575233552
41,correto,P-correto,VP,1,1,0.977039770397704,0.9193672839506173,0.947326575233552
42,incorreto,P-correto,FN,0,1,0.977039770397704,0.9193672839506173,0.947326575233552
43,correto,P-incorreto,FP,1,0,0.977039770397704,0.9193672839506173,0.947326575233552
42,correto,P-correto,VP,1,1,0.977039770397704,0.9193672839506173,0.947326575233552
42,correto,P-correto,VP,1,1,0.977039770397704,0.9193672839506173,0.947326575233552
42,correto,P-correto,VP,1,1,0.977039770397704,0.9193672839506173,0.947326575233552
42,correto,P-correto,VP,1,1,0.977039770397704,0.9193672839506173,0.947326575233552
42,correto,P-correto,VP,1,1,0.977039770397704,0.9193672839506173,0.947326575233552
42,correto,P-correto,VP,1,1,0.977039770397704,0.9193672839506173,0.947326575233552
42,correto,P-correto,VP,1,1,0.977039770397704,0.9193672839506173,0.947326575233552
43,correto,P-correto,VP,1,1,0.977039770397704,0.9193672839506173,0.947326575233552
42,correto,P-correto,VP,1,1,0.977039770397704,0.9193672839506173,0.947326575233552
42,correto,P-correto,VP,1,1,0.977039770397704,0.9193672839506173,0.947326575233552
42,correto,P-correto,VP,1,1,0.977039770397704,0.9193672839506173,0.947326575233552
42,correto,P-correto,VP,1,1,0.977039770397704,0.9193672839506173,0.947326575233552
41,correto,P-correto,VP,1,1,0.977039770397704,0.9193672839506173,0.947326575233552
42,correto,P-correto,VP,1,1,0.977039770397704,0.9193672839506173,0.947326575233552
42,correto,P-correto,VP,1,1,0.977039770397704,0.9193672839506173,0.947326575233552
42,correto,P-correto,VP,1,1,0.977039770397704,0.9193672839506173,0.947326575233552
41,correto,P-correto,VP,1,1,0.977039770397704,0.9193672839506173,0.947326575233552
42,correto,P-correto,VP,1,1,0.977039770397704,0.9193672839506173,0.947326575233552
42,correto,P-correto,VP,1,1,0.977039770397704,0.9193672839506173,0.947326575233552
42,incorreto,P-correto,FN,0,1,0.977039770397704,0.9193672839506173,0.947326575233552
42,correto,P-correto,VP,1,1,0.977039770397704,0.9193672839506173,0.947326575233552
42,correto,P-correto,VP,1,1,0.977039770397704,0.9193672839506173,0.947326575233552
42,correto,P-correto,VP,1,1,0.977039770397704,0.9193672839506173,0.947326575233552
42,correto,P-correto,VP,1,1,0.977039770397704,0.9193672839506173,0.947326575233552
42,correto,P-incorreto,FP,1,0,0.977039770397704,0.9193672839506173,0.947326575233552
46,incorreto,P-incorreto,VN,0,0,0.977039770397704,0.9193672839506173,0.947326575233552
42,correto,P-incorreto,FP,1,0,0.977039770397704,0.9193672839506173,0.947326575233552
42,correto,P-incorreto,FP,1,0,0.977039770397704,0.9193672839506173,0.947326575233552
42,correto,P-correto,VP,1,1,0.977039770397704,0.9193672839506173,0.947326575233552
42,correto,P-correto,VP,1,1,0.977039770397704,0.9193672839506173,0.947326575233552
32,incorreto,P-incorreto,VN,0,0,0.977039770397704,0.9193672839506173,0.947326575233552
42,correto,P-correto,VP,1,1,0.977039770397704,0.9193672839506173,0.947326575233552
42,correto,P-correto,VP,1,1,0.977039770397704,0.9193672839506173,0.947326575233552
42,correto,P-correto,VP,1,1,0.977039770397704,0.9193672839506173,0.947326575233552
43,correto,P-correto,VP,1,1,0.977039770397704,0.9193672839506173,0.947326575233552
41,correto,P-correto,VP,1,1,0.977039770397704,0.9193672839506173,0.947326575233552
41,correto,P-correto,VP,1,1,0.977039770397704,0.9193672839506173,0.947326575233552
41,correto,P-correto,VP,1,1,0.977039770397704,0.9193672839506173,0.947326575233552
42,correto,P-correto,VP,1,1,0.977039770397704,0.9193672839506173,0.947326575233552
41,correto,P-correto,VP,1,1,0.977039770397704,0.9193672839506173,0.947326575233552
42,correto,P-correto,VP,1,1,0.977039770397704,0.9193672839506173,0.947326575233552
43,correto,P-incorreto,FP,1,0,0.977039770397704,0.9193672839506173,0.947326575233552
42,correto,P-correto,VP,1,1,0.977039770397704,0.9193672839506173,0.947326575233552
42,correto,P-incorreto,FP,1,0,0.977039770397704,0.9193672839506173,0.947326575233552
42,correto,P-correto,VP,1,1,0.977039770397704,0.9193672839506173,0.947326575233552
41,correto,P-correto,VP,1,1,0.977039770397704,0.9193672839506173,0.947326575233552
49,incorreto,P-incorreto,VN,0,0,0.977039770397704,0.9193672839506173,0.947326575233552
57,incorreto,P-incorreto,VN,0,0,0.977039770397704,0.9193672839506173,0.947326575233552
41,correto,P-correto,VP,1,1,0.977039770397704,0.9193672839506173,0.947326575233552
42,correto,P-correto,VP,1,1,0.977039770397704,0.9193672839506173,0.947326575233552
33,incorreto,P-incorreto,VN,0,0,0.977039770397704,0.9193672839506173,0.947326575233552
43,correto,P-correto,VP,1,1,0.977039770397704,0.9193672839506173,0.947326575233552
41,correto,P-correto,VP,1,1,0.977039770397704,0.9193672839506173,0.947326575233552
42,correto,P-correto,VP,1,1,0.977039770397704,0.9193672839506173,0.947326575233552
41,incorreto,P-correto,FN,0,1,0.977039770397704,0.9193672839506173,0.947326575233552
42,correto,P-correto,VP,1,1,0.977039770397704,0.9193672839506173,0.947326575233552
43,correto,P-incorreto,FP,1,0,0.977039770397704,0.9193672839506173,0.947326575233552
42,correto,P-correto,VP,1,1,0.977039770397704,0.9193672839506173,0.947326575233552
42,correto,P-incorreto,FP,1,0,0.977039770397704,0.9193672839506173,0.947326575233552
56,incorreto,P-incorreto,VN,0,0,0.977039770397704,0.9193672839506173,0.947326575233552
43,correto,P-correto,VP,1,1,0.977039770397704,0.9193672839506173,0.947326575233552
34,incorreto,P-incorreto,VN,0,0,0.977039770397704,0.9193672839506173,0.947326575233552
42,correto,P-correto,VP,1,1,0.977039770397704,0.9193672839506173,0.947326575233552
43,correto,P-correto,VP,1,1,0.977039770397704,0.9193672839506173,0.947326575233552
42,correto,P-correto,VP,1,1,0.977039770397704,0.9193672839506173,0.947326575233552
43,correto,P-correto,VP,1,1,0.977039770397704,0.9193672839506173,0.947326575233552
42,correto,P-correto,VP,1,1,0.977039770397704,0.9193672839506173,0.947326575233552
41,correto,P-correto,VP,1,1,0.977039770397704,0.9193672839506173,0.947326575233552
43,correto,P-correto,VP,1,1,0.977039770397704,0.9193672839506173,0.947326575233552
41,correto,P-correto,VP,1,1,0.977039770397704,0.9193672839506173,0.947326575233552
42,correto,P-correto,VP,1,1,0.977039770397704,0.9193672839506173,0.947326575233552
42,correto,P-correto,VP,1,1,0.977039770397704,0.9193672839506173,0.947326575233552
42,correto,P-correto,VP,1,1,0.977039770397704,0.9193672839506173,0.947326575233552
42,correto,P-correto,VP,1,1,0.977039770397704,0.9193672839506173,0.947326575233552
43,correto,P-correto,VP,1,1,0.977039770397704,0.9193672839506173,0.947326575233552
42,correto,P-correto,VP,1,1,0.977039770397704,0.9193672839506173,0.947326575233552
43,correto,P-correto,VP,1,1,0.977039770397704,0.9193672839506173,0.947326575233552
42,correto,P-correto,VP,1,1,0.977039770397704,0.9193672839506173,0.947326575233552
42,correto,P-correto,VP,1,1,0.977039770397704,0.9193672839506173,0.947326575233552
42,correto,P-correto,VP,1,1,0.977039770397704,0.9193672839506173,0.947326575233552
42,correto,P-correto,VP,1,1,0.977039770397704,0.9193672839506173,0.947326575233552
42,correto,P-correto,VP,1,1,0.977039770397704,0.9193672839506173,0.947326575233552
42,correto,P-correto,VP,1,1,0.977039770397704,0.9193672839506173,0.947326575233552
43,correto,P-incorreto,FP,1,0,0.977039770397704,0.9193672839506173,0.947326575233552
42,correto,P-correto,VP,1,1,0.977039770397704,0.9193672839506173,0.947326575233552
43,correto,P-correto,VP,1,1,0.977039770397704,0.9193672839506173,0.947326575233552
42,correto,P-correto,VP,1,1,0.977039770397704,0.9193672839506173,0.947326575233552
42,correto,P-correto,VP,1,1,0.977039770397704,0.9193672839506173,0.947326575233552
42,correto,P-correto,VP,1,1,0.977039770397704,0.9193672839506173,0.947326575233552
42,correto,P-correto,VP,1,1,0.977039770397704,0.9193672839506173,0.947326575233552
42,correto,P-correto,VP,1,1,0.977039770397704,0.9193672839506173,0.947326575233552
53,incorreto,P-incorreto,VN,0,0,0.977039770397704,0.9193672839506173,0.947326575233552
43,correto,P-correto,VP,1,1,0.977039770397704,0.9193672839506173,0.947326575233552
43,correto,P-correto,VP,1,1,0.977039770397704,0.9193672839506173,0.947326575233552
42,correto,P-correto,VP,1,1,0.977039770397704,0.9193672839506173,0.947326575233552
42,correto,P-correto,VP,1,1,0.977039770397704,0.9193672839506173,0.947326575233552
39,incorreto,P-incorreto,VN,0,0,0.977039770397704,0.9193672839506173,0.947326575233552
42,correto,P-incorreto,FP,1,0,0.977039770397704,0.9193672839506173,0.947326575233552
42,correto,P-correto,VP,1,1,0.977039770397704,0.9193672839506173,0.947326575233552
42,correto,P-correto,VP,1,1,0.977039770397704,0.9193672839506173,0.947326575233552
43,correto,P-correto,VP,1,1,0.977039770397704,0.9193672839506173,0.947326575233552
42,correto,P-correto,VP,1,1,0.977039770397704,0.9193672839506173,0.947326575233552
43,correto,P-correto,VP,1,1,0.977039770397704,0.9193672839506173,0.947326575233552
43,correto,P-correto,VP,1,1,0.977039770397704,0.9193672839506173,0.947326575233552
42,correto,P-correto,VP,1,1,0.977039770397704,0.9193672839506173,0.947326575233552
42,correto,P-correto,VP,1,1,0.977039770397704,0.9193672839506173,0.947326575233552
41,correto,P-correto,VP,1,1,0.977039770397704,0.9193672839506173,0.947326575233552
42,correto,P-correto,VP,1,1,0.977039770397704,0.9193672839506173,0.947326575233552
42,correto,P-correto,VP,1,1,0.977039770397704,0.9193672839506173,0.947326575233552
42,correto,P-correto,VP,1,1,0.977039770397704,0.9193672839506173,0.947326575233552
42,correto,P-correto,VP,1,1,0.977039770397704,0.9193672839506173,0.947326575233552
42,correto,P-correto,VP,1,1,0.977039770397704,0.9193672839506173,0.947326575233552
42,correto,P-correto,VP,1,1,0.977039770397704,0.9193672839506173,0.947326575233552
42,correto,P-correto,VP,1,1,0.977039770397704,0.9193672839506173,0.947326575233552
42,correto,P-incorreto,FP,1,0,0.977039770397704,0.9193672839506173,0.947326575233552
43,correto,P-incorreto,FP,1,0,0.977039770397704,0.9193672839506173,0.947326575233552
42,correto,P-incorreto,FP,1,0,0.977039770397704,0.9193672839506173,0.947326575233552
43,correto,P-correto,VP,1,1,0.977039770397704,0.9193672839506173,0.947326575233552
42,correto,P-correto,VP,1,1,0.977039770397704,0.9193672839506173,0.947326575233552
43,correto,P-correto,VP,1,1,0.977039770397704,0.9193672839506173,0.947326575233552
36,incorreto,P-incorreto,VN,0,0,0.977039770397704,0.9193672839506173,0.947326575233552
42,correto,P-correto,VP,1,1,0.977039770397704,0.9193672839506173,0.947326575233552
43,correto,P-correto,VP,1,1,0.977039770397704,0.9193672839506173,0.947326575233552
42,correto,P-correto,VP,1,1,0.977039770397704,0.9193672839506173,0.947326575233552
39,incorreto,P-incorreto,VN,0,0,0.977039770397704,0.9193672839506173,0.947326575233552
43,correto,P-correto,VP,1,1,0.977039770397704,0.9193672839506173,0.947326575233552
42,correto,P-correto,VP,1,1,0.977039770397704,0.9193672839506173,0.947326575233552
43,correto,P-correto,VP,1,1,0.977039770397704,0.9193672839506173,0.947326575233552
41,correto,P-correto,VP,1,1,0.977039770397704,0.9193672839506173,0.947326575233552
42,correto,P-correto,VP,1,1,0.977039770397704,0.9193672839506173,0.947326575233552
42,correto,P-correto,VP,1,1,0.977039770397704,0.9193672839506173,0.947326575233552
42,correto,P-correto,VP,1,1,0.977039770397704,0.9193672839506173,0.947326575233552
42,correto,P-correto,VP,1,1,0.977039770397704,0.9193672839506173,0.947326575233552
42,correto,P-correto,VP,1,1,0.977039770397704,0.9193672839506173,0.947326575233552
42,correto,P-correto,VP,1,1,0.977039770397704,0.9193672839506173,0.947326575233552
42,correto,P-correto,VP,1,1,0.977039770397704,0.9193672839506173,0.947326575233552
43,correto,P-correto,VP,1,1,0.977039770397704,0.9193672839506173,0.947326575233552
42,correto,P-incorreto,FP,1,0,0.977039770397704,0.9193672839506173,0.947326575233552
42,correto,P-correto,VP,1,1,0.977039770397704,0.9193672839506173,0.947326575233552
41,correto,P-correto,VP,1,1,0.977039770397704,0.9193672839506173,0.947326575233552
41,correto,P-incorreto,FP,1,0,0.977039770397704,0.9193672839506173,0.947326575233552
42,correto,P-correto,VP,1,1,0.977039770397704,0.9193672839506173,0.947326575233552
42,correto,P-correto,VP,1,1,0.977039770397704,0.9193672839506173,0.947326575233552
42,correto,P-correto,VP,1,1,0.977039770397704,0.9193672839506173,0.947326575233552
42,correto,P-correto,VP,1,1,0.977039770397704,0.9193672839506173,0.947326575233552
41,correto,P-correto,VP,1,1,0.977039770397704,0.9193672839506173,0.947326575233552
42,correto,P-correto,VP,1,1,0.977039770397704,0.9193672839506173,0.947326575233552
42,correto,P-correto,VP,1,1,0.977039770397704,0.9193672839506173,0.947326575233552
42,correto,P-correto,VP,1,1,0.977039770397704,0.9193672839506173,0.947326575233552
42,correto,P-correto,VP,1,1,0.977039770397704,0.9193672839506173,0.947326575233552
42,correto,P-correto,VP,1,1,0.977039770397704,0.9193672839506173,0.947326575233552
42,correto,P-correto,VP,1,1,0.977039770397704,0.9193672839506173,0.947326575233552
43,correto,P-correto,VP,1,1,0.977039770397704,0.9193672839506173,0.947326575233552
42,correto,P-incorreto,FP,1,0,0.977039770397704,0.9193672839506173,0.947326575233552
45,incorreto,P-correto,FN,0,1,0.977039770397704,0.9193672839506173,0.947326575233552
41,correto,P-correto,VP,1,1,0.977039770397704,0.9193672839506173,0.947326575233552
42,correto,P-correto,VP,1,1,0.977039770397704,0.9193672839506173,0.947326575233552
41,correto,P-incorreto,FP,1,0,0.977039770397704,0.9193672839506173,0.947326575233552
41,correto,P-correto,VP,1,1,0.977039770397704,0.9193672839506173,0.947326575233552
50,incorreto,P-incorreto,VN,0,0,0.977039770397704,0.9193672839506173,0.947326575233552
42,correto,P-correto,VP,1,1,0.977039770397704,0.9193672839506173,0.947326575233552
42,correto,P-incorreto,FP,1,0,0.977039770397704,0.9193672839506173,0.947326575233552
42,correto,P-correto,VP,1,1,0.977039770397704,0.9193672839506173,0.947326575233552
43,correto,P-correto,VP,1,1,0.977039770397704,0.9193672839506173,0.947326575233552
42,correto,P-correto,VP,1,1,0.977039770397704,0.9193672839506173,0.947326575233552
42,correto,P-correto,VP,1,1,0.977039770397704,0.9193672839506173,0.947326575233552
43,correto,P-correto,VP,1,1,0.977039770397704,0.9193672839506173,0.947326575233552
42,correto,P-correto,VP,1,1,0.977039770397704,0.9193672839506173,0.947326575233552
42,correto,P-correto,VP,1,1,0.977039770397704,0.9193672839506173,0.947326575233552
42,correto,P-correto,VP,1,1,0.977039770397704,0.9193672839506173,0.947326575233552
41,correto,P-correto,VP,1,1,0.977039770397704,0.9193672839506173,0.947326575233552
42,correto,P-correto,VP,1,1,0.977039770397704,0.9193672839506173,0.947326575233552
42,correto,P-correto,VP,1,1,0.977039770397704,0.9193672839506173,0.947326575233552
42,correto,P-correto,VP,1,1,0.977039770397704,0.9193672839506173,0.947326575233552
42,correto,P-correto,VP,1,1,0.977039770397704,0.9193672839506173,0.947326575233552
42,correto,P-correto,VP,1,1,0.977039770397704,0.9193672839506173,0.947326575233552
42,correto,P-correto,VP,1,1,0.977039770397704,0.9193672839506173,0.947326575233552
42,correto,P-incorreto,FP,1,0,0.977039770397704,0.9193672839506173,0.947326575233552
42,correto,P-correto,VP,1,1,0.977039770397704,0.9193672839506173,0.947326575233552
42,correto,P-incorreto,FP,1,0,0.977039770397704,0.9193672839506173,0.947326575233552
30,incorreto,P-incorreto,VN,0,0,0.977039770397704,0.9193672839506173,0.947326575233552
42,correto,P-correto,VP,1,1,0.977039770397704,0.9193672839506173,0.947326575233552
42,incorreto,P-correto,FN,0,1,0.977039770397704,0.9193672839506173,0.947326575233552
41,correto,P-correto,VP,1,1,0.977039770397704,0.9193672839506173,0.947326575233552
41,correto,P-correto,VP,1,1,0.977039770397704,0.9193672839506173,0.947326575233552
41,correto,P-correto,VP,1,1,0.977039770397704,0.9193672839506173,0.947326575233552
43,correto,P-correto,VP,1,1,0.977039770397704,0.9193672839506173,0.947326575233552
41,correto,P-correto,VP,1,1,0.977039770397704,0.9193672839506173,0.947326575233552
42,correto,P-incorreto,FP,1,0,0.977039770397704,0.9193672839506173,0.947326575233552
42,correto,P-correto,VP,1,1,0.977039770397704,0.9193672839506173,0.947326575233552
42,correto,P-correto,VP,1,1,0.977039770397704,0.9193672839506173,0.947326575233552
43,correto,P-correto,VP,1,1,0.977039770397704,0.9193672839506173,0.947326575233552
42,correto,P-correto,VP,1,1,0.977039770397704,0.9193672839506173,0.947326575233552
42,correto,P-correto,VP,1,1,0.977039770397704,0.9193672839506173,0.947326575233552
41,correto,P-correto,VP,1,1,0.977039770397704,0.9193672839506173,0.947326575233552
40,incorreto,P-correto,FN,0,1,0.977039770397704,0.9193672839506173,0.947326575233552
27,incorreto,P-incorreto,VN,0,0,0.977039770397704,0.9193672839506173,0.947326575233552
42,correto,P-correto,VP,1,1,0.977039770397704,0.9193672839506173,0.947326575233552
43,correto,P-correto,VP,1,1,0.977039770397704,0.9193672839506173,0.947326575233552
31,incorreto,P-incorreto,VN,0,0,0.977039770397704,0.9193672839506173,0.947326575233552
42,correto,P-correto,VP,1,1,0.977039770397704,0.9193672839506173,0.947326575233552
42,correto,P-correto,VP,1,1,0.977039770397704,0.9193672839506173,0.947326575233552
22,incorreto,P-incorreto,VN,0,0,0.977039770397704,0.9193672839506173,0.947326575233552
41,correto,P-correto,VP,1,1,0.977039770397704,0.9193672839506173,0.947326575233552
41,correto,P-correto,VP,1,1,0.977039770397704,0.9193672839506173,0.947326575233552
42,correto,P-correto,VP,1,1,0.977039770397704,0.9193672839506173,0.947326575233552
43,correto,P-correto,VP,1,1,0.977039770397704,0.9193672839506173,0.947326575233552
42,correto,P-correto,VP,1,1,0.977039770397704,0.9193672839506173,0.947326575233552
42,correto,P-correto,VP,1,1,0.977039770397704,0.9193672839506173,0.947326575233552
42,correto,P-incorreto,FP,1,0,0.977039770397704,0.9193672839506173,0.947326575233552
42,correto,P-correto,VP,1,1,0.977039770397704,0.9193672839506173,0.947326575233552
44,incorreto,P-correto,FN,0,1,0.977039770397704,0.9193672839506173,0.947326575233552
43,correto,P-correto,VP,1,1,0.977039770397704,0.9193672839506173,0.947326575233552
42,correto,P-incorreto,FP,1,0,0.977039770397704,0.9193672839506173,0.947326575233552
42,correto,P-correto,VP,1,1,0.977039770397704,0.9193672839506173,0.947326575233552
42,correto,P-correto,VP,1,1,0.977039770397704,0.9193672839506173,0.947326575233552
42,correto,P-correto,VP,1,1,0.977039770397704,0.9193672839506173,0.947326575233552
50,incorreto,P-incorreto,VN,0,0,0.977039770397704,0.9193672839506173,0.947326575233552
43,correto,P-correto,VP,1,1,0.977039770397704,0.9193672839506173,0.947326575233552
42,correto,P-correto,VP,1,1,0.977039770397704,0.9193672839506173,0.947326575233552
54,incorreto,P-incorreto,VN,0,0,0.977039770397704,0.9193672839506173,0.947326575233552
43,correto,P-correto,VP,1,1,0.977039770397704,0.9193672839506173,0.947326575233552
42,correto,P-incorreto,FP,1,0,0.977039770397704,0.9193672839506173,0.947326575233552
41,correto,P-incorreto,FP,1,0,0.977039770397704,0.9193672839506173,0.947326575233552
41,correto,P-correto,VP,1,1,0.977039770397704,0.9193672839506173,0.947326575233552
35,incorreto,P-incorreto,VN,0,0,0.977039770397704,0.9193672839506173,0.947326575233552
42,correto,P-correto,VP,1,1,0.977039770397704,0.9193672839506173,0.947326575233552
42,correto,P-correto,VP,1,1,0.977039770397704,0.9193672839506173,0.947326575233552
42,correto,P-correto,VP,1,1,0.977039770397704,0.9193672839506173,0.947326575233552
27,incorreto,P-incorreto,VN,0,0,0.977039770397704,0.9193672839506173,0.947326575233552
42,correto,P-correto,VP,1,1,0.977039770397704,0.9193672839506173,0.947326575233552
43,correto,P-correto,VP,1,1,0.977039770397704,0.9193672839506173,0.947326575233552
41,correto,P-correto,VP,1,1,0.977039770397704,0.9193672839506173,0.947326575233552
42,correto,P-correto,VP,1,1,0.977039770397704,0.9193672839506173,0.947326575233552
43,correto,P-correto,VP,1,1,0.977039770397704,0.9193672839506173,0.947326575233552
41,correto,P-correto,VP,1,1,0.977039770397704,0.9193672839506173,0.947326575233552
42,correto,P-correto,VP,1,1,0.977039770397704,0.9193672839506173,0.947326575233552
42,correto,P-correto,VP,1,1,0.977039770397704,0.9193672839506173,0.947326575233552
43,correto,P-correto,VP,1,1,0.977039770397704,0.9193672839506173,0.947326575233552
48,incorreto,P-incorreto,VN,0,0,0.977039770397704,0.9193672839506173,0.947326575233552
42,correto,P-correto,VP,1,1,0.977039770397704,0.9193672839506173,0.947326575233552
41,correto,P-correto,VP,1,1,0.977039770397704,0.9193672839506173,0.947326575233552
41,correto,P-correto,VP,1,1,0.977039770397704,0.9193672839506173,0.947326575233552
43,correto,P-correto,VP,1,1,0.977039770397704,0.9193672839506173,0.947326575233552
41,correto,P-correto,VP,1,1,0.977039770397704,0.9193672839506173,0.947326575233552
41,correto,P-correto,VP,1,1,0.977039770397704,0.9193672839506173,0.947326575233552
42,correto,P-correto,VP,1,1,0.977039770397704,0.9193672839506173,0.947326575233552
42,correto,P-correto,VP,1,1,0.977039770397704,0.9193672839506173,0.947326575233552
42,correto,P-correto,VP,1,1,0.977039770397704,0.9193672839506173,0.947326575233552
42,correto,P-correto,VP,1,1,0.977039770397704,0.9193672839506173,0.947326575233552
41,correto,P-correto,VP,1,1,0.977039770397704,0.9193672839506173,0.947326575233552
42,correto,P-correto,VP,1,1,0.977039770397704,0.9193672839506173,0.947326575233552
43,correto,P-correto,VP,1,1,0.977039770397704,0.9193672839506173,0.947326575233552
42,correto,P-correto,VP,1,1,0.977039770397704,0.9193672839506173,0.947326575233552
42,correto,P-correto,VP,1,1,0.977039770397704,0.9193672839506173,0.947326575233552
43,correto,P-correto,VP,1,1,0.977039770397704,0.9193672839506173,0.947326575233552
41,correto,P-correto,VP,1,1,0.977039770397704,0.9193672839506173,0.947326575233552
34,incorreto,P-incorreto,VN,0,0,0.977039770397704,0.9193672839506173,0.947326575233552
42,correto,P-correto,VP,1,1,0.977039770397704,0.9193672839506173,0.947326575233552
42,correto,P-correto,VP,1,1,0.977039770397704,0.9193672839506173,0.947326575233552
42,correto,P-correto,VP,1,1,0.977039770397704,0.9193672839506173,0.947326575233552
42,correto,P-correto,VP,1,1,0.977039770397704,0.9193672839506173,0.947326575233552
42,correto,P-correto,VP,1,1,0.977039770397704,0.9193672839506173,0.947326575233552
41,correto,P-correto,VP,1,1,0.977039770397704,0.9193672839506173,0.947326575233552
42,correto,P-correto,VP,1,1,0.977039770397704,0.9193672839506173,0.947326575233552
42,correto,P-incorreto,FP,1,0,0.977039770397704,0.9193672839506173,0.947326575233552
43,correto,P-correto,VP,1,1,0.977039770397704,0.9193672839506173,0.947326575233552
42,correto,P-incorreto,FP,1,0,0.977039770397704,0.9193672839506173,0.947326575233552
42,correto,P-correto,VP,1,1,0.977039770397704,0.9193672839506173,0.947326575233552
42,correto,P-correto,VP,1,1,0.977039770397704,0.9193672839506173,0.947326575233552
41,correto,P-correto,VP,1,1,0.977039770397704,0.9193672839506173,0.947326575233552
23,incorreto,P-incorreto,VN,0,0,0.977039770397704,0.9193672839506173,0.947326575233552
42,correto,P-correto,VP,1,1,0.977039770397704,0.9193672839506173,0.947326575233552
42,correto,P-correto,VP,1,1,0.977039770397704,0.9193672839506173,0.947326575233552
42,correto,P-correto,VP,1,1,0.977039770397704,0.9193672839506173,0.947326575233552
41,correto,P-correto,VP,1,1,0.977039770397704,0.9193672839506173,0.947326575233552
43,correto,P-correto,VP,1,1,0.977039770397704,0.9193672839506173,0.947326575233552
42,correto,P-correto,VP,1,1,0.977039770397704,0.9193672839506173,0.947326575233552
42,correto,P-correto,VP,1,1,0.977039770397704,0.9193672839506173,0.947326575233552
40,incorreto,P-correto,FN,0,1,0.977039770397704,0.9193672839506173,0.947326575233552
43,correto,P-correto,VP,1,1,0.977039770397704,0.9193672839506173,0.947326575233552
42,correto,P-correto,VP,1,1,0.977039770397704,0.9193672839506173,0.947326575233552
41,correto,P-correto,VP,1,1,0.977039770397704,0.9193672839506173,0.947326575233552
42,correto,P-correto,VP,1,1,0.977039770397704,0.9193672839506173,0.947326575233552
42,correto,P-incorreto,FP,1,0,0.977039770397704,0.9193672839506173,0.947326575233552
41,correto,P-correto,VP,1,1,0.977039770397704,0.9193672839506173,0.947326575233552
42,correto,P-correto,VP,1,1,0.977039770397704,0.9193672839506173,0.947326575233552
42,correto,P-correto,VP,1,1,0.977039770397704,0.9193672839506173,0.947326575233552
41,correto,P-correto,VP,1,1,0.977039770397704,0.9193672839506173,0.947326575233552
44,incorreto,P-correto,FN,0,1,0.977039770397704,0.9193672839506173,0.947326575233552
43,correto,P-correto,VP,1,1,0.977039770397704,0.9193672839506173,0.947326575233552
42,correto,P-correto,VP,1,1,0.977039770397704,0.9193672839506173,0.947326575233552
42,correto,P-correto,VP,1,1,0.977039770397704,0.9193672839506173,0.947326575233552
42,correto,P-correto,VP,1,1,0.977039770397704,0.9193672839506173,0.947326575233552
42,correto,P-correto,VP,1,1,0.977039770397704,0.9193672839506173,0.947326575233552
42,correto,P-correto,VP,1,1,0.977039770397704,0.9193672839506173,0.947326575233552
42,correto,P-correto,VP,1,1,0.977039770397704,0.9193672839506173,0.947326575233552
43,correto,P-correto,VP,1,1,0.977039770397704,0.9193672839506173,0.947326575233552
42,correto,P-correto,VP,1,1,0.977039770397704,0.9193672839506173,0.947326575233552
41,correto,P-correto,VP,1,1,0.977039770397704,0.9193672839506173,0.947326575233552
42,correto,P-correto,VP,1,1,0.977039770397704,0.9193672839506173,0.947326575233552
42,correto,P-correto,VP,1,1,0.977039770397704,0.9193672839506173,0.947326575233552
42,correto,P-correto,VP,1,1,0.977039770397704,0.9193672839506173,0.947326575233552
41,correto,P-correto,VP,1,1,0.977039770397704,0.9193672839506173,0.947326575233552
41,correto,P-correto,VP,1,1,0.977039770397704,0.9193672839506173,0.947326575233552
42,correto,P-correto,VP,1,1,0.977039770397704,0.9193672839506173,0.947326575233552
42,correto,P-incorreto,FP,1,0,0.977039770397704,0.9193672839506173,0.947326575233552
42,correto,P-correto,VP,1,1,0.977039770397704,0.9193672839506173,0.947326575233552
42,correto,P-correto,VP,1,1,0.977039770397704,0.9193672839506173,0.947326575233552
42,correto,P-correto,VP,1,1,0.977039770397704,0.9193672839506173,0.947326575233552
42,correto,P-correto,VP,1,1,0.977039770397704,0.9193672839506173,0.947326575233552
42,correto,P-correto,VP,1,1,0.977039770397704,0.9193672839506173,0.947326575233552
43,correto,P-correto,VP,1,1,0.977039770397704,0.9193672839506173,0.947326575233552
43,correto,P-incorreto,FP,1,0,0.977039770397704,0.9193672839506173,0.947326575233552
42,correto,P-correto,VP,1,1,0.977039770397704,0.9193672839506173,0.947326575233552
43,correto,P-correto,VP,1,1,0.977039770397704,0.9193672839506173,0.947326575233552
41,correto,P-correto,VP,1,1,0.977039770397704,0.9193672839506173,0.947326575233552
42,correto,P-correto,VP,1,1,0.977039770397704,0.9193672839506173,0.947326575233552
42,correto,P-correto,VP,1,1,0.977039770397704,0.9193672839506173,0.947326575233552
42,correto,P-correto,VP,1,1,0.977039770397704,0.9193672839506173,0.947326575233552
42,correto,P-correto,VP,1,1,0.977039770397704,0.9193672839506173,0.947326575233552
42,correto,P-correto,VP,1,1,0.977039770397704,0.9193672839506173,0.947326575233552
42,correto,P-correto,VP,1,1,0.977039770397704,0.9193672839506173,0.947326575233552
43,correto,P-correto,VP,1,1,0.977039770397704,0.9193672839506173,0.947326575233552
41,correto,P-correto,VP,1,1,0.977039770397704,0.9193672839506173,0.947326575233552
43,incorreto,P-correto,FN,0,1,0.977039770397704,0.9193672839506173,0.947326575233552
42,correto,P-correto,VP,1,1,0.977039770397704,0.9193672839506173,0.947326575233552
41,correto,P-correto,VP,1,1,0.977039770397704,0.9193672839506173,0.947326575233552
41,correto,P-correto,VP,1,1,0.977039770397704,0.9193672839506173,0.947326575233552
42,correto,P-incorreto,FP,1,0,0.977039770397704,0.9193672839506173,0.947326575233552
43,correto,P-correto,VP,1,1,0.977039770397704,0.9193672839506173,0.947326575233552
42,correto,P-correto,VP,1,1,0.977039770397704,0.9193672839506173,0.947326575233552
42,correto,P-correto,VP,1,1,0.977039770397704,0.9193672839506173,0.947326575233552
42,correto,P-correto,VP,1,1,0.977039770397704,0.9193672839506173,0.947326575233552
42,correto,P-correto,VP,1,1,0.977039770397704,0.9193672839506173,0.947326575233552
43,correto,P-correto,VP,1,1,0.977039770397704,0.9193672839506173,0.947326575233552
43,correto,P-correto,VP,1,1,0.977039770397704,0.9193672839506173,0.947326575233552
42,correto,P-correto,VP,1,1,0.977039770397704,0.9193672839506173,0.947326575233552
42,correto,P-correto,VP,1,1,0.977039770397704,0.9193672839506173,0.947326575233552
42,correto,P-correto,VP,1,1,0.977039770397704,0.9193672839506173,0.947326575233552
42,correto,P-correto,VP,1,1,0.977039770397704,0.9193672839506173,0.947326575233552
41,correto,P-correto,VP,1,1,0.977039770397704,0.9193672839506173,0.947326575233552
41,correto,P-correto,VP,1,1,0.977039770397704,0.9193672839506173,0.947326575233552
41,correto,P-correto,VP,1,1,0.977039770397704,0.9193672839506173,0.947326575233552
42,correto,P-correto,VP,1,1,0.977039770397704,0.9193672839506173,0.947326575233552
42,correto,P-incorreto,FP,1,0,0.977039770397704,0.9193672839506173,0.947326575233552
42,correto,P-correto,VP,1,1,0.977039770397704,0.9193672839506173,0.947326575233552
42,correto,P-correto,VP,1,1,0.977039770397704,0.9193672839506173,0.947326575233552
42,correto,P-correto,VP,1,1,0.977039770397704,0.9193672839506173,0.947326575233552
41,correto,P-correto,VP,1,1,0.977039770397704,0.9193672839506173,0.947326575233552
42,correto,P-correto,VP,1,1,0.977039770397704,0.9193672839506173,0.947326575233552
42,correto,P-correto,VP,1,1,0.977039770397704,0.9193672839506173,0.947326575233552
42,correto,P-correto,VP,1,1,0.977039770397704,0.9193672839506173,0.947326575233552
42,correto,P-correto,VP,1,1,0.977039770397704,0.9193672839506173,0.947326575233552
42,correto,P-correto,VP,1,1,0.977039770397704,0.9193672839506173,0.947326575233552
42,correto,P-correto,VP,1,1,0.977039770397704,0.9193672839506173,0.947326575233552
41,correto,P-correto,VP,1,1,0.977039770397704,0.9193672839506173,0.947326575233552
42,correto,P-correto,VP,1,1,0.977039770397704,0.9193672839506173,0.947326575233552
42,incorreto,P-correto,FN,0,1,0.977039770397704,0.9193672839506173,0.947326575233552
42,correto,P-correto,VP,1,1,0.977039770397704,0.9193672839506173,0.947326575233552
42,correto,P-correto,VP,1,1,0.977039770397704,0.9193672839506173,0.947326575233552
41,correto,P-correto,VP,1,1,0.977039770397704,0.9193672839506173,0.947326575233552
42,correto,P-correto,VP,1,1,0.977039770397704,0.9193672839506173,0.947326575233552
42,correto,P-correto,VP,1,1,0.977039770397704,0.9193672839506173,0.947326575233552
42,correto,P-correto,VP,1,1,0.977039770397704,0.9193672839506173,0.947326575233552
42,correto,P-correto,VP,1,1,0.977039770397704,0.9193672839506173,0.947326575233552
42,correto,P-correto,VP,1,1,0.977039770397704,0.9193672839506173,0.947326575233552
42,correto,P-incorreto,FP,1,0,0.977039770397704,0.9193672839506173,0.947326575233552
41,correto,P-correto,VP,1,1,0.977039770397704,0.9193672839506173,0.947326575233552
42,correto,P-correto,VP,1,1,0.977039770397704,0.9193672839506173,0.947326575233552
42,correto,P-correto,VP,1,1,0.977039770397704,0.9193672839506173,0.947326575233552
42,correto,P-incorreto,FP,1,0,0.977039770397704,0.9193672839506173,0.947326575233552
42,correto,P-correto,VP,1,1,0.977039770397704,0.9193672839506173,0.947326575233552
42,correto,P-correto,VP,1,1,0.977039770397704,0.9193672839506173,0.947326575233552
41,correto,P-correto,VP,1,1,0.977039770397704,0.9193672839506173,0.947326575233552
42,correto,P-correto,VP,1,1,0.977039770397704,0.9193672839506173,0.947326575233552
43,incorreto,P-correto,FN,0,1,0.977039770397704,0.9193672839506173,0.947326575233552
42,correto,P-correto,VP,1,1,0.977039770397704,0.9193672839506173,0.947326575233552
42,correto,P-correto,VP,1,1,0.977039770397704,0.9193672839506173,0.947326575233552
42,correto,P-correto,VP,1,1,0.977039770397704,0.9193672839506173,0.947326575233552
42,correto,P-correto,VP,1,1,0.977039770397704,0.9193672839506173,0.947326575233552
48,incorreto,P-incorreto,VN,0,0,0.977039770397704,0.9193672839506173,0.947326575233552
41,correto,P-correto,VP,1,1,0.977039770397704,0.9193672839506173,0.947326575233552
32,incorreto,P-incorreto,VN,0,0,0.977039770397704,0.9193672839506173,0.947326575233552
42,correto,P-correto,VP,1,1,0.977039770397704,0.9193672839506173,0.947326575233552
42,correto,P-correto,VP,1,1,0.977039770397704,0.9193672839506173,0.947326575233552
42,correto,P-correto,VP,1,1,0.977039770397704,0.9193672839506173,0.947326575233552
42,correto,P-correto,VP,1,1,0.977039770397704,0.9193672839506173,0.947326575233552
42,correto,P-correto,VP,1,1,0.977039770397704,0.9193672839506173,0.947326575233552
42,correto,P-correto,VP,1,1,0.977039770397704,0.9193672839506173,0.947326575233552
29,incorreto,P-incorreto,VN,0,0,0.977039770397704,0.9193672839506173,0.947326575233552
27,incorreto,P-incorreto,VN,0,0,0.977039770397704,0.9193672839506173,0.947326575233552
42,correto,P-correto,VP,1,1,0.977039770397704,0.9193672839506173,0.947326575233552
42,correto,P-correto,VP,1,1,0.977039770397704,0.9193672839506173,0.947326575233552
42,correto,P-correto,VP,1,1,0.977039770397704,0.9193672839506173,0.947326575233552
42,correto,P-correto,VP,1,1,0.977039770397704,0.9193672839506173,0.947326575233552
41,correto,P-correto,VP,1,1,0.977039770397704,0.9193672839506173,0.947326575233552
42,correto,P-correto,VP,1,1,0.977039770397704,0.9193672839506173,0.947326575233552
41,correto,P-correto,VP,1,1,0.977039770397704,0.9193672839506173,0.947326575233552
42,correto,P-correto,VP,1,1,0.977039770397704,0.9193672839506173,0.947326575233552
42,correto,P-correto,VP,1,1,0.977039770397704,0.9193672839506173,0.947326575233552
41,incorreto,P-correto,FN,0,1,0.977039770397704,0.9193672839506173,0.947326575233552
42,correto,P-incorreto,FP,1,0,0.977039770397704,0.9193672839506173,0.947326575233552
43,correto,P-correto,VP,1,1,0.977039770397704,0.9193672839506173,0.947326575233552
42,correto,P-correto,VP,1,1,0.977039770397704,0.9193672839506173,0.947326575233552
23,incorreto,P-incorreto,VN,0,0,0.977039770397704,0.9193672839506173,0.947326575233552
42,correto,P-correto,VP,1,1,0.977039770397704,0.9193672839506173,0.947326575233552
42,correto,P-incorreto,FP,1,0,0.977039770397704,0.9193672839506173,0.947326575233552
42,correto,P-correto,VP,1,1,0.977039770397704,0.9193672839506173,0.947326575233552
41,correto,P-correto,VP,1,1,0.977039770397704,0.9193672839506173,0.947326575233552
42,correto,P-correto,VP,1,1,0.977039770397704,0.9193672839506173,0.947326575233552
42,correto,P-correto,VP,1,1,0.977039770397704,0.9193672839506173,0.947326575233552
37,incorreto,P-incorreto,VN,0,0,0.977039770397704,0.9193672839506173,0.947326575233552
42,correto,P-correto,VP,1,1,0.977039770397704,0.9193672839506173,0.947326575233552
43,correto,P-correto,VP,1,1,0.977039770397704,0.9193672839506173,0.947326575233552
42,correto,P-correto,VP,1,1,0.977039770397704,0.9193672839506173,0.947326575233552
42,correto,P-correto,VP,1,1,0.977039770397704,0.9193672839506173,0.947326575233552
42,correto,P-correto,VP,1,1,0.977039770397704,0.9193672839506173,0.947326575233552
41,correto,P-incorreto,FP,1,0,0.977039770397704,0.9193672839506173,0.947326575233552
41,correto,P-correto,VP,1,1,0.977039770397704,0.9193672839506173,0.947326575233552
42,correto,P-correto,VP,1,1,0.977039770397704,0.9193672839506173,0.947326575233552
42,correto,P-correto,VP,1,1,0.977039770397704,0.9193672839506173,0.947326575233552
42,correto,P-correto,VP,1,1,0.977039770397704,0.9193672839506173,0.947326575233552
42,correto,P-correto,VP,1,1,0.977039770397704,0.9193672839506173,0.947326575233552
42,correto,P-correto,VP,1,1,0.977039770397704,0.9193672839506173,0.947326575233552
43,correto,P-correto,VP,1,1,0.977039770397704,0.9193672839506173,0.947326575233552
42,correto,P-correto,VP,1,1,0.977039770397704,0.9193672839506173,0.947326575233552
42,correto,P-correto,VP,1,1,0.977039770397704,0.9193672839506173,0.947326575233552
42,correto,P-correto,VP,1,1,0.977039770397704,0.9193672839506173,0.947326575233552
43,correto,P-correto,VP,1,1,0.977039770397704,0.9193672839506173,0.947326575233552
42,correto,P-correto,VP,1,1,0.977039770397704,0.9193672839506173,0.947326575233552
42,correto,P-incorreto,FP,1,0,0.977039770397704,0.9193672839506173,0.947326575233552
42,correto,P-correto,VP,1,1,0.977039770397704,0.9193672839506173,0.947326575233552
42,correto,P-correto,VP,1,1,0.977039770397704,0.9193672839506173,0.947326575233552
42,correto,P-correto,VP,1,1,0.977039770397704,0.9193672839506173,0.947326575233552
42,correto,P-correto,VP,1,1,0.977039770397704,0.9193672839506173,0.947326575233552
41,correto,P-correto,VP,1,1,0.977039770397704,0.9193672839506173,0.947326575233552
42,correto,P-correto,VP,1,1,0.977039770397704,0.9193672839506173,0.947326575233552
42,correto,P-correto,VP,1,1,0.977039770397704,0.9193672839506173,0.947326575233552
41,correto,P-correto,VP,1,1,0.977039770397704,0.9193672839506173,0.947326575233552
42,correto,P-correto,VP,1,1,0.977039770397704,0.9193672839506173,0.947326575233552
42,correto,P-correto,VP,1,1,0.977039770397704,0.9193672839506173,0.947326575233552
47,incorreto,P-incorreto,VN,0,0,0.977039770397704,0.9193672839506173,0.947326575233552
42,correto,P-correto,VP,1,1,0.977039770397704,0.9193672839506173,0.947326575233552
72,incorreto,P-incorreto,VN,0,0,0.977039770397704,0.9193672839506173,0.947326575233552
42,correto,P-correto,VP,1,1,0.977039770397704,0.9193672839506173,0.947326575233552
42,correto,P-correto,VP,1,1,0.977039770397704,0.9193672839506173,0.947326575233552
42,correto,P-correto,VP,1,1,0.977039770397704,0.9193672839506173,0.947326575233552
42,correto,P-incorreto,FP,1,0,0.977039770397704,0.9193672839506173,0.947326575233552
42,correto,P-correto,VP,1,1,0.977039770397704,0.9193672839506173,0.947326575233552
42,correto,P-correto,VP,1,1,0.977039770397704,0.9193672839506173,0.947326575233552
42,correto,P-correto,VP,1,1,0.977039770397704,0.9193672839506173,0.947326575233552
42,correto,P-incorreto,FP,1,0,0.977039770397704,0.9193672839506173,0.947326575233552
42,correto,P-correto,VP,1,1,0.977039770397704,0.9193672839506173,0.947326575233552
42,correto,P-correto,VP,1,1,0.977039770397704,0.9193672839506173,0.947326575233552
42,correto,P-correto,VP,1,1,0.977039770397704,0.9193672839506173,0.947326575233552
43,correto,P-correto,VP,1,1,0.977039770397704,0.9193672839506173,0.947326575233552
42,correto,P-correto,VP,1,1,0.977039770397704,0.9193672839506173,0.947326575233552
42,correto,P-correto,VP,1,1,0.977039770397704,0.9193672839506173,0.947326575233552
41,correto,P-correto,VP,1,1,0.977039770397704,0.9193672839506173,0.947326575233552
41,correto,P-correto,VP,1,1,0.977039770397704,0.9193672839506173,0.947326575233552
42,correto,P-correto,VP,1,1,0.977039770397704,0.9193672839506173,0.947326575233552
42,correto,P-correto,VP,1,1,0.977039770397704,0.9193672839506173,0.947326575233552
42,correto,P-correto,VP,1,1,0.977039770397704,0.9193672839506173,0.947326575233552
41,correto,P-correto,VP,1,1,0.977039770397704,0.9193672839506173,0.947326575233552
43,correto,P-correto,VP,1,1,0.977039770397704,0.9193672839506173,0.947326575233552
42,correto,P-correto,VP,1,1,0.977039770397704,0.9193672839506173,0.947326575233552
42,correto,P-incorreto,FP,1,0,0.977039770397704,0.9193672839506173,0.947326575233552
42,incorreto,P-correto,FN,0,1,0.977039770397704,0.9193672839506173,0.947326575233552
42,correto,P-correto,VP,1,1,0.977039770397704,0.9193672839506173,0.947326575233552
42,correto,P-correto,VP,1,1,0.977039770397704,0.9193672839506173,0.947326575233552
42,correto,P-correto,VP,1,1,0.977039770397704,0.9193672839506173,0.947326575233552
42,correto,P-correto,VP,1,1,0.977039770397704,0.9193672839506173,0.947326575233552
42,correto,P-correto,VP,1,1,0.977039770397704,0.9193672839506173,0.947326575233552
43,correto,P-correto,VP,1,1,0.977039770397704,0.9193672839506173,0.947326575233552
42,correto,P-correto,VP,1,1,0.977039770397704,0.9193672839506173,0.947326575233552
42,correto,P-correto,VP,1,1,0.977039770397704,0.9193672839506173,0.947326575233552
42,correto,P-correto,VP,1,1,0.977039770397704,0.9193672839506173,0.947326575233552
42,correto,P-correto,VP,1,1,0.977039770397704,0.9193672839506173,0.947326575233552
41,correto,P-correto,VP,1,1,0.977039770397704,0.9193672839506173,0.947326575233552
42,correto,P-correto,VP,1,1,0.977039770397704,0.9193672839506173,0.947326575233552
42,correto,P-correto,VP,1,1,0.977039770397704,0.9193672839506173,0.947326575233552
42,correto,P-correto,VP,1,1,0.977039770397704,0.9193672839506173,0.947326575233552
42,correto,P-correto,VP,1,1,0.977039770397704,0.9193672839506173,0.947326575233552
41,correto,P-correto,VP,1,1,0.977039770397704,0.9193672839506173,0.947326575233552
41,correto,P-correto,VP,1,1,0.977039770397704,0.9193672839506173,0.947326575233552
42,correto,P-correto,VP,1,1,0.977039770397704,0.9193672839506173,0.947326575233552
41,correto,P-correto,VP,1,1,0.977039770397704,0.9193672839506173,0.947326575233552
42,correto,P-correto,VP,1,1,0.977039770397704,0.9193672839506173,0.947326575233552
42,correto,P-correto,VP,1,1,0.977039770397704,0.9193672839506173,0.947326575233552
42,correto,P-correto,VP,1,1,0.977039770397704,0.9193672839506173,0.947326575233552
43,correto,P-correto,VP,1,1,0.977039770397704,0.9193672839506173,0.947326575233552
42,correto,P-correto,VP,1,1,0.977039770397704,0.9193672839506173,0.947326575233552
35,incorreto,P-incorreto,VN,0,0,0.977039770397704,0.9193672839506173,0.947326575233552
42,correto,P-correto,VP,1,1,0.977039770397704,0.9193672839506173,0.947326575233552
42,correto,P-incorreto,FP,1,0,0.977039770397704,0.9193672839506173,0.947326575233552
42,correto,P-correto,VP,1,1,0.977039770397704,0.9193672839506173,0.947326575233552
42,correto,P-correto,VP,1,1,0.977039770397704,0.9193672839506173,0.947326575233552
43,correto,P-incorreto,FP,1,0,0.977039770397704,0.9193672839506173,0.947326575233552
42,correto,P-correto,VP,1,1,0.977039770397704,0.9193672839506173,0.947326575233552
42,correto,P-incorreto,FP,1,0,0.977039770397704,0.9193672839506173,0.947326575233552
42,correto,P-correto,VP,1,1,0.977039770397704,0.9193672839506173,0.947326575233552
41,correto,P-incorreto,FP,1,0,0.977039770397704,0.9193672839506173,0.947326575233552
41,correto,P-correto,VP,1,1,0.977039770397704,0.9193672839506173,0.947326575233552
43,correto,P-correto,VP,1,1,0.977039770397704,0.9193672839506173,0.947326575233552
42,correto,P-correto,VP,1,1,0.977039770397704,0.9193672839506173,0.947326575233552
43,correto,P-correto,VP,1,1,0.977039770397704,0.9193672839506173,0.947326575233552
42,correto,P-correto,VP,1,1,0.977039770397704,0.9193672839506173,0.947326575233552
42,correto,P-incorreto,FP,1,0,0.977039770397704,0.9193672839506173,0.947326575233552
30,incorreto,P-incorreto,VN,0,0,0.977039770397704,0.9193672839506173,0.947326575233552
42,correto,P-correto,VP,1,1,0.977039770397704,0.9193672839506173,0.947326575233552
42,correto,P-correto,VP,1,1,0.977039770397704,0.9193672839506173,0.947326575233552
43,correto,P-correto,VP,1,1,0.977039770397704,0.9193672839506173,0.947326575233552
42,correto,P-correto,VP,1,1,0.977039770397704,0.9193672839506173,0.947326575233552
42,correto,P-incorreto,FP,1,0,0.977039770397704,0.9193672839506173,0.947326575233552
41,correto,P-correto,VP,1,1,0.977039770397704,0.9193672839506173,0.947326575233552
42,correto,P-correto,VP,1,1,0.977039770397704,0.9193672839506173,0.947326575233552
43,correto,P-correto,VP,1,1,0.977039770397704,0.9193672839506173,0.947326575233552
42,correto,P-correto,VP,1,1,0.977039770397704,0.9193672839506173,0.947326575233552
41,correto,P-correto,VP,1,1,0.977039770397704,0.9193672839506173,0.947326575233552
42,correto,P-correto,VP,1,1,0.977039770397704,0.9193672839506173,0.947326575233552
42,correto,P-correto,VP,1,1,0.977039770397704,0.9193672839506173,0.947326575233552
43,correto,P-incorreto,FP,1,0,0.977039770397704,0.9193672839506173,0.947326575233552
41,correto,P-correto,VP,1,1,0.977039770397704,0.9193672839506173,0.947326575233552
42,correto,P-correto,VP,1,1,0.977039770397704,0.9193672839506173,0.947326575233552
41,correto,P-correto,VP,1,1,0.977039770397704,0.9193672839506173,0.947326575233552
43,correto,P-correto,VP,1,1,0.977039770397704,0.9193672839506173,0.947326575233552
42,correto,P-correto,VP,1,1,0.977039770397704,0.9193672839506173,0.947326575233552
41,correto,P-correto,VP,1,1,0.977039770397704,0.9193672839506173,0.947326575233552
42,correto,P-correto,VP,1,1,0.977039770397704,0.9193672839506173,0.947326575233552
42,correto,P-correto,VP,1,1,0.977039770397704,0.9193672839506173,0.947326575233552
42,correto,P-correto,VP,1,1,0.977039770397704,0.9193672839506173,0.947326575233552
42,correto,P-correto,VP,1,1,0.977039770397704,0.9193672839506173,0.947326575233552
42,correto,P-correto,VP,1,1,0.977039770397704,0.9193672839506173,0.947326575233552
42,correto,P-correto,VP,1,1,0.977039770397704,0.9193672839506173,0.947326575233552
42,correto,P-correto,VP,1,1,0.977039770397704,0.9193672839506173,0.947326575233552
43,correto,P-correto,VP,1,1,0.977039770397704,0.9193672839506173,0.947326575233552
42,correto,P-correto,VP,1,1,0.977039770397704,0.9193672839506173,0.947326575233552
42,correto,P-incorreto,FP,1,0,0.977039770397704,0.9193672839506173,0.947326575233552
42,correto,P-correto,VP,1,1,0.977039770397704,0.9193672839506173,0.947326575233552
42,correto,P-correto,VP,1,1,0.977039770397704,0.9193672839506173,0.947326575233552
42,correto,P-correto,VP,1,1,0.977039770397704,0.9193672839506173,0.947326575233552
42,correto,P-correto,VP,1,1,0.977039770397704,0.9193672839506173,0.947326575233552
43,correto,P-correto,VP,1,1,0.977039770397704,0.9193672839506173,0.947326575233552
42,correto,P-correto,VP,1,1,0.977039770397704,0.9193672839506173,0.947326575233552
42,correto,P-correto,VP,1,1,0.977039770397704,0.9193672839506173,0.947326575233552
41,correto,P-correto,VP,1,1,0.977039770397704,0.9193672839506173,0.947326575233552
42,correto,P-correto,VP,1,1,0.977039770397704,0.9193672839506173,0.947326575233552
42,correto,P-correto,VP,1,1,0.977039770397704,0.9193672839506173,0.947326575233552
43,correto,P-correto,VP,1,1,0.977039770397704,0.9193672839506173,0.947326575233552
42,correto,P-correto,VP,1,1,0.977039770397704,0.9193672839506173,0.947326575233552
42,correto,P-incorreto,FP,1,0,0.977039770397704,0.9193672839506173,0.947326575233552
42,correto,P-correto,VP,1,1,0.977039770397704,0.9193672839506173,0.947326575233552
42,correto,P-incorreto,FP,1,0,0.977039770397704,0.9193672839506173,0.947326575233552
42,correto,P-correto,VP,1,1,0.977039770397704,0.9193672839506173,0.947326575233552
41,correto,P-correto,VP,1,1,0.977039770397704,0.9193672839506173,0.947326575233552
41,correto,P-correto,VP,1,1,0.977039770397704,0.9193672839506173,0.947326575233552
43,correto,P-correto,VP,1,1,0.977039770397704,0.9193672839506173,0.947326575233552
41,correto,P-correto,VP,1,1,0.977039770397704,0.9193672839506173,0.947326575233552
41,correto,P-incorreto,FP,1,0,0.977039770397704,0.9193672839506173,0.947326575233552
42,correto,P-correto,VP,1,1,0.977039770397704,0.9193672839506173,0.947326575233552
42,correto,P-correto,VP,1,1,0.977039770397704,0.9193672839506173,0.947326575233552
42,correto,P-correto,VP,1,1,0.977039770397704,0.9193672839506173,0.947326575233552
42,correto,P-correto,VP,1,1,0.977039770397704,0.9193672839506173,0.947326575233552
42,correto,P-correto,VP,1,1,0.977039770397704,0.9193672839506173,0.947326575233552
42,correto,P-correto,VP,1,1,0.977039770397704,0.9193672839506173,0.947326575233552
42,correto,P-correto,VP,1,1,0.977039770397704,0.9193672839506173,0.947326575233552
42,correto,P-correto,VP,1,1,0.977039770397704,0.9193672839506173,0.947326575233552
42,correto,P-correto,VP,1,1,0.977039770397704,0.9193672839506173,0.947326575233552
42,correto,P-correto,VP,1,1,0.977039770397704,0.9193672839506173,0.947326575233552
42,correto,P-incorreto,FP,1,0,0.977039770397704,0.9193672839506173,0.947326575233552
42,correto,P-correto,VP,1,1,0.977039770397704,0.9193672839506173,0.947326575233552
42,correto,P-correto,VP,1,1,0.977039770397704,0.9193672839506173,0.947326575233552
42,correto,P-correto,VP,1,1,0.977039770397704,0.9193672839506173,0.947326575233552
42,correto,P-correto,VP,1,1,0.977039770397704,0.9193672839506173,0.947326575233552
42,correto,P-correto,VP,1,1,0.977039770397704,0.9193672839506173,0.947326575233552
42,correto,P-correto,VP,1,1,0.977039770397704,0.9193672839506173,0.947326575233552
42,correto,P-correto,VP,1,1,0.977039770397704,0.9193672839506173,0.947326575233552
42,correto,P-correto,VP,1,1,0.977039770397704,0.9193672839506173,0.947326575233552
42,correto,P-correto,VP,1,1,0.977039770397704,0.9193672839506173,0.947326575233552
43,correto,P-correto,VP,1,1,0.977039770397704,0.9193672839506173,0.947326575233552
42,correto,P-correto,VP,1,1,0.977039770397704,0.9193672839506173,0.947326575233552
38,incorreto,P-incorreto,VN,0,0,0.977039770397704,0.9193672839506173,0.947326575233552
42,correto,P-correto,VP,1,1,0.977039770397704,0.9193672839506173,0.947326575233552
42,correto,P-correto,VP,1,1,0.977039770397704,0.9193672839506173,0.947326575233552
42,correto,P-correto,VP,1,1,0.977039770397704,0.9193672839506173,0.947326575233552
43,correto,P-correto,VP,1,1,0.977039770397704,0.9193672839506173,0.947326575233552
41,correto,P-incorreto,FP,1,0,0.977039770397704,0.9193672839506173,0.947326575233552
42,correto,P-correto,VP,1,1,0.977039770397704,0.9193672839506173,0.947326575233552
42,correto,P-correto,VP,1,1,0.977039770397704,0.9193672839506173,0.947326575233552
42,correto,P-correto,VP,1,1,0.977039770397704,0.9193672839506173,0.947326575233552
42,correto,P-incorreto,FP,1,0,0.977039770397704,0.9193672839506173,0.947326575233552
42,correto,P-correto,VP,1,1,0.977039770397704,0.9193672839506173,0.947326575233552
41,correto,P-incorreto,FP,1,0,0.977039770397704,0.9193672839506173,0.947326575233552
41,correto,P-correto,VP,1,1,0.977039770397704,0.9193672839506173,0.947326575233552
42,correto,P-correto,VP,1,1,0.977039770397704,0.9193672839506173,0.947326575233552
43,correto,P-correto,VP,1,1,0.977039770397704,0.9193672839506173,0.947326575233552
39,incorreto,P-incorreto,VN,0,0,0.977039770397704,0.9193672839506173,0.947326575233552
43,correto,P-correto,VP,1,1,0.977039770397704,0.9193672839506173,0.947326575233552
42,correto,P-correto,VP,1,1,0.977039770397704,0.9193672839506173,0.947326575233552
42,correto,P-correto,VP,1,1,0.977039770397704,0.9193672839506173,0.947326575233552
42,correto,P-correto,VP,1,1,0.977039770397704,0.9193672839506173,0.947326575233552
42,correto,P-incorreto,FP,1,0,0.977039770397704,0.9193672839506173,0.947326575233552
42,correto,P-correto,VP,1,1,0.977039770397704,0.9193672839506173,0.947326575233552
28,incorreto,P-incorreto,VN,0,0,0.977039770397704,0.9193672839506173,0.947326575233552
42,correto,P-correto,VP,1,1,0.977039770397704,0.9193672839506173,0.947326575233552
43,correto,P-correto,VP,1,1,0.977039770397704,0.9193672839506173,0.947326575233552
42,correto,P-correto,VP,1,1,0.977039770397704,0.9193672839506173,0.947326575233552
43,correto,P-incorreto,FP,1,0,0.977039770397704,0.9193672839506173,0.947326575233552
42,correto,P-correto,VP,1,1,0.977039770397704,0.9193672839506173,0.947326575233552
42,correto,P-correto,VP,1,1,0.977039770397704,0.9193672839506173,0.947326575233552
42,correto,P-correto,VP,1,1,0.977039770397704,0.9193672839506173,0.947326575233552
42,correto,P-correto,VP,1,1,0.977039770397704,0.9193672839506173,0.947326575233552
41,correto,P-correto,VP,1,1,0.977039770397704,0.9193672839506173,0.947326575233552
42,correto,P-correto,VP,1,1,0.977039770397704,0.9193672839506173,0.947326575233552
42,correto,P-incorreto,FP,1,0,0.977039770397704,0.9193672839506173,0.947326575233552
42,correto,P-correto,VP,1,1,0.977039770397704,0.9193672839506173,0.947326575233552
43,correto,P-correto,VP,1,1,0.977039770397704,0.9193672839506173,0.947326575233552
42,correto,P-correto,VP,1,1,0.977039770397704,0.9193672839506173,0.947326575233552
42,correto,P-correto,VP,1,1,0.977039770397704,0.9193672839506173,0.947326575233552
41,correto,P-correto,VP,1,1,0.977039770397704,0.9193672839506173,0.947326575233552
42,correto,P-correto,VP,1,1,0.977039770397704,0.9193672839506173,0.947326575233552
42,correto,P-correto,VP,1,1,0.977039770397704,0.9193672839506173,0.947326575233552
42,correto,P-correto,VP,1,1,0.977039770397704,0.9193672839506173,0.947326575233552
42,correto,P-correto,VP,1,1,0.977039770397704,0.9193672839506173,0.947326575233552
42,correto,P-correto,VP,1,1,0.977039770397704,0.9193672839506173,0.947326575233552
41,correto,P-incorreto,FP,1,0,0.977039770397704,0.9193672839506173,0.947326575233552
42,correto,P-correto,VP,1,1,0.977039770397704,0.9193672839506173,0.947326575233552
40,incorreto,P-correto,FN,0,1,0.977039770397704,0.9193672839506173,0.947326575233552
42,correto,P-correto,VP,1,1,0.977039770397704,0.9193672839506173,0.947326575233552
42,correto,P-correto,VP,1,1,0.977039770397704,0.9193672839506173,0.947326575233552
41,correto,P-correto,VP,1,1,0.977039770397704,0.9193672839506173,0.947326575233552
42,correto,P-correto,VP,1,1,0.977039770397704,0.9193672839506173,0.947326575233552
41,correto,P-correto,VP,1,1,0.977039770397704,0.9193672839506173,0.947326575233552
43,correto,P-correto,VP,1,1,0.977039770397704,0.9193672839506173,0.947326575233552
42,correto,P-correto,VP,1,1,0.977039770397704,0.9193672839506173,0.947326575233552
42,correto,P-correto,VP,1,1,0.977039770397704,0.9193672839506173,0.947326575233552
43,correto,P-correto,VP,1,1,0.977039770397704,0.9193672839506173,0.947326575233552
42,correto,P-correto,VP,1,1,0.977039770397704,0.9193672839506173,0.947326575233552
42,correto,P-correto,VP,1,1,0.977039770397704,0.9193672839506173,0.947326575233552
42,correto,P-correto,VP,1,1,0.977039770397704,0.9193672839506173,0.947326575233552
43,correto,P-correto,VP,1,1,0.977039770397704,0.9193672839506173,0.947326575233552
43,correto,P-correto,VP,1,1,0.977039770397704,0.9193672839506173,0.947326575233552
43,correto,P-correto,VP,1,1,0.977039770397704,0.9193672839506173,0.947326575233552
41,correto,P-correto,VP,1,1,0.977039770397704,0.9193672839506173,0.947326575233552
41,correto,P-correto,VP,1,1,0.977039770397704,0.9193672839506173,0.947326575233552
41,correto,P-correto,VP,1,1,0.977039770397704,0.9193672839506173,0.947326575233552
41,correto,P-correto,VP,1,1,0.977039770397704,0.9193672839506173,0.947326575233552
42,correto,P-correto,VP,1,1,0.977039770397704,0.9193672839506173,0.947326575233552
42,correto,P-correto,VP,1,1,0.977039770397704,0.9193672839506173,0.947326575233552
42,correto,P-correto,VP,1,1,0.977039770397704,0.9193672839506173,0.947326575233552
43,correto,P-incorreto,FP,1,0,0.977039770397704,0.9193672839506173,0.947326575233552
33,incorreto,P-incorreto,VN,0,0,0.977039770397704,0.9193672839506173,0.947326575233552
42,correto,P-correto,VP,1,1,0.977039770397704,0.9193672839506173,0.947326575233552
42,correto,P-correto,VP,1,1,0.977039770397704,0.9193672839506173,0.947326575233552
42,correto,P-correto,VP,1,1,0.977039770397704,0.9193672839506173,0.947326575233552
42,correto,P-correto,VP,1,1,0.977039770397704,0.9193672839506173,0.947326575233552
42,correto,P-correto,VP,1,1,0.977039770397704,0.9193672839506173,0.947326575233552
42,correto,P-correto,VP,1,1,0.977039770397704,0.9193672839506173,0.947326575233552
42,correto,P-incorreto,FP,1,0,0.977039770397704,0.9193672839506173,0.947326575233552
42,correto,P-correto,VP,1,1,0.977039770397704,0.9193672839506173,0.947326575233552
42,correto,P-correto,VP,1,1,0.977039770397704,0.9193672839506173,0.947326575233552
42,correto,P-correto,VP,1,1,0.977039770397704,0.9193672839506173,0.947326575233552
42,correto,P-incorreto,FP,1,0,0.977039770397704,0.9193672839506173,0.947326575233552
42,correto,P-correto,VP,1,1,0.977039770397704,0.9193672839506173,0.947326575233552
42,correto,P-correto,VP,1,1,0.977039770397704,0.9193672839506173,0.947326575233552
42,correto,P-correto,VP,1,1,0.977039770397704,0.9193672839506173,0.947326575233552
32,incorreto,P-incorreto,VN,0,0,0.977039770397704,0.9193672839506173,0.947326575233552
42,correto,P-incorreto,FP,1,0,0.977039770397704,0.9193672839506173,0.947326575233552
41,correto,P-correto,VP,1,1,0.977039770397704,0.9193672839506173,0.947326575233552
42,correto,P-correto,VP,1,1,0.977039770397704,0.9193672839506173,0.947326575233552
42,correto,P-correto,VP,1,1,0.977039770397704,0.9193672839506173,0.947326575233552
47,incorreto,P-incorreto,VN,0,0,0.977039770397704,0.9193672839506173,0.947326575233552
42,correto,P-correto,VP,1,1,0.977039770397704,0.9193672839506173,0.947326575233552
42,correto,P-correto,VP,1,1,0.977039770397704,0.9193672839506173,0.947326575233552
42,correto,P-correto,VP,1,1,0.977039770397704,0.9193672839506173,0.947326575233552
42,correto,P-correto,VP,1,1,0.977039770397704,0.9193672839506173,0.947326575233552
41,correto,P-correto,VP,1,1,0.977039770397704,0.9193672839506173,0.947326575233552
43,correto,P-correto,VP,1,1,0.977039770397704,0.9193672839506173,0.947326575233552
43,correto,P-correto,VP,1,1,0.977039770397704,0.9193672839506173,0.947326575233552
42,correto,P-correto,VP,1,1,0.977039770397704,0.9193672839506173,0.947326575233552
43,correto,P-correto,VP,1,1,0.977039770397704,0.9193672839506173,0.947326575233552
42,correto,P-correto,VP,1,1,0.977039770397704,0.9193672839506173,0.947326575233552
36,incorreto,P-incorreto,VN,0,0,0.977039770397704,0.9193672839506173,0.947326575233552
42,correto,P-correto,VP,1,1,0.977039770397704,0.9193672839506173,0.947326575233552
43,correto,P-correto,VP,1,1,0.977039770397704,0.9193672839506173,0.947326575233552
42,correto,P-correto,VP,1,1,0.977039770397704,0.9193672839506173,0.947326575233552
42,correto,P-correto,VP,1,1,0.977039770397704,0.9193672839506173,0.947326575233552
41,correto,P-correto,VP,1,1,0.977039770397704,0.9193672839506173,0.947326575233552
42,correto,P-correto,VP,1,1,0.977039770397704,0.9193672839506173,0.947326575233552
42,correto,P-correto,VP,1,1,0.977039770397704,0.9193672839506173,0.947326575233552
42,correto,P-correto,VP,1,1,0.977039770397704,0.9193672839506173,0.947326575233552
42,correto,P-correto,VP,1,1,0.977039770397704,0.9193672839506173,0.947326575233552
43,correto,P-correto,VP,1,1,0.977039770397704,0.9193672839506173,0.947326575233552
42,correto,P-correto,VP,1,1,0.977039770397704,0.9193672839506173,0.947326575233552
42,correto,P-correto,VP,1,1,0.977039770397704,0.9193672839506173,0.947326575233552
42,correto,P-correto,VP,1,1,0.977039770397704,0.9193672839506173,0.947326575233552
36,incorreto,P-incorreto,VN,0,0,0.977039770397704,0.9193672839506173,0.947326575233552
28,incorreto,P-incorreto,VN,0,0,0.977039770397704,0.9193672839506173,0.947326575233552
41,correto,P-correto,VP,1,1,0.977039770397704,0.9193672839506173,0.947326575233552
41,correto,P-correto,VP,1,1,0.977039770397704,0.9193672839506173,0.947326575233552
41,correto,P-correto,VP,1,1,0.977039770397704,0.9193672839506173,0.947326575233552
42,correto,P-correto,VP,1,1,0.977039770397704,0.9193672839506173,0.947326575233552
42,correto,P-correto,VP,1,1,0.977039770397704,0.9193672839506173,0.947326575233552
43,correto,P-incorreto,FP,1,0,0.977039770397704,0.9193672839506173,0.947326575233552
22,incorreto,P-incorreto,VN,0,0,0.977039770397704,0.9193672839506173,0.947326575233552
41,correto,P-correto,VP,1,1,0.977039770397704,0.9193672839506173,0.947326575233552
42,correto,P-correto,VP,1,1,0.977039770397704,0.9193672839506173,0.947326575233552
42,correto,P-correto,VP,1,1,0.977039770397704,0.9193672839506173,0.947326575233552
42,correto,P-correto,VP,1,1,0.977039770397704,0.9193672839506173,0.947326575233552
41,correto,P-correto,VP,1,1,0.977039770397704,0.9193672839506173,0.947326575233552
41,correto,P-incorreto,FP,1,0,0.977039770397704,0.9193672839506173,0.947326575233552
42,correto,P-correto,VP,1,1,0.977039770397704,0.9193672839506173,0.947326575233552
43,correto,P-correto,VP,1,1,0.977039770397704,0.9193672839506173,0.947326575233552
41,correto,P-correto,VP,1,1,0.977039770397704,0.9193672839506173,0.947326575233552
42,correto,P-correto,VP,1,1,0.977039770397704,0.9193672839506173,0.947326575233552
41,correto,P-correto,VP,1,1,0.977039770397704,0.9193672839506173,0.947326575233552
28,incorreto,P-incorreto,VN,0,0,0.977039770397704,0.9193672839506173,0.947326575233552
42,correto,P-correto,VP,1,1,0.977039770397704,0.9193672839506173,0.947326575233552
42,correto,P-correto,VP,1,1,0.977039770397704,0.9193672839506173,0.947326575233552
41,correto,P-correto,VP,1,1,0.977039770397704,0.9193672839506173,0.947326575233552
42,correto,P-correto,VP,1,1,0.977039770397704,0.9193672839506173,0.947326575233552
38,incorreto,P-incorreto,VN,0,0,0.977039770397704,0.9193672839506173,0.947326575233552
42,correto,P-correto,VP,1,1,0.977039770397704,0.9193672839506173,0.947326575233552
41,correto,P-correto,VP,1,1,0.977039770397704,0.9193672839506173,0.947326575233552
42,correto,P-correto,VP,1,1,0.977039770397704,0.9193672839506173,0.947326575233552
41,correto,P-correto,VP,1,1,0.977039770397704,0.9193672839506173,0.947326575233552
41,correto,P-correto,VP,1,1,0.977039770397704,0.9193672839506173,0.947326575233552
42,correto,P-correto,VP,1,1,0.977039770397704,0.9193672839506173,0.947326575233552
42,correto,P-correto,VP,1,1,0.977039770397704,0.9193672839506173,0.947326575233552
42,correto,P-correto,VP,1,1,0.977039770397704,0.9193672839506173,0.947326575233552
42,correto,P-correto,VP,1,1,0.977039770397704,0.9193672839506173,0.947326575233552
42,correto,P-correto,VP,1,1,0.977039770397704,0.9193672839506173,0.947326575233552
41,correto,P-correto,VP,1,1,0.977039770397704,0.9193672839506173,0.947326575233552
43,correto,P-incorreto,FP,1,0,0.977039770397704,0.9193672839506173,0.947326575233552
42,correto,P-correto,VP,1,1,0.977039770397704,0.9193672839506173,0.947326575233552
42,correto,P-correto,VP,1,1,0.977039770397704,0.9193672839506173,0.947326575233552
42,correto,P-incorreto,FP,1,0,0.977039770397704,0.9193672839506173,0.947326575233552
42,correto,P-correto,VP,1,1,0.977039770397704,0.9193672839506173,0.947326575233552
42,correto,P-correto,VP,1,1,0.977039770397704,0.9193672839506173,0.947326575233552
42,correto,P-correto,VP,1,1,0.977039770397704,0.9193672839506173,0.947326575233552
42,correto,P-correto,VP,1,1,0.977039770397704,0.9193672839506173,0.947326575233552
42,correto,P-correto,VP,1,1,0.977039770397704,0.9193672839506173,0.947326575233552
43,correto,P-correto,VP,1,1,0.977039770397704,0.9193672839506173,0.947326575233552
42,correto,P-correto,VP,1,1,0.977039770397704,0.9193672839506173,0.947326575233552
41,correto,P-correto,VP,1,1,0.977039770397704,0.9193672839506173,0.947326575233552
35,incorreto,P-incorreto,VN,0,0,0.977039770397704,0.9193672839506173,0.947326575233552
43,correto,P-incorreto,FP,1,0,0.977039770397704,0.9193672839506173,0.947326575233552
42,correto,P-correto,VP,1,1,0.977039770397704,0.9193672839506173,0.947326575233552
37,incorreto,P-incorreto,VN,0,0,0.977039770397704,0.9193672839506173,0.947326575233552
42,correto,P-correto,VP,1,1,0.977039770397704,0.9193672839506173,0.947326575233552
42,correto,P-correto,VP,1,1,0.977039770397704,0.9193672839506173,0.947326575233552
42,correto,P-correto,VP,1,1,0.977039770397704,0.9193672839506173,0.947326575233552
42,correto,P-correto,VP,1,1,0.977039770397704,0.9193672839506173,0.947326575233552
34,incorreto,P-incorreto,VN,0,0,0.977039770397704,0.9193672839506173,0.947326575233552
40,incorreto,P-correto,FN,0,1,0.977039770397704,0.9193672839506173,0.947326575233552
42,correto,P-correto,VP,1,1,0.977039770397704,0.9193672839506173,0.947326575233552
42,correto,P-correto,VP,1,1,0.977039770397704,0.9193672839506173,0.947326575233552
54,incorreto,P-incorreto,VN,0,0,0.977039770397704,0.9193672839506173,0.947326575233552
54,incorreto,P-incorreto,VN,0,0,0.977039770397704,0.9193672839506173,0.947326575233552
41,correto,P-correto,VP,1,1,0.977039770397704,0.9193672839506173,0.947326575233552
53,incorreto,P-incorreto,VN,0,0,0.977039770397704,0.9193672839506173,0.947326575233552
37,incorreto,P-incorreto,VN,0,0,0.977039770397704,0.9193672839506173,0.947326575233552
42,correto,P-correto,VP,1,1,0.977039770397704,0.9193672839506173,0.947326575233552
42,correto,P-incorreto,FP,1,0,0.977039770397704,0.9193672839506173,0.947326575233552
42,correto,P-correto,VP,1,1,0.977039770397704,0.9193672839506173,0.947326575233552
42,correto,P-correto,VP,1,1,0.977039770397704,0.9193672839506173,0.947326575233552
42,correto,P-correto,VP,1,1,0.977039770397704,0.9193672839506173,0.947326575233552
47,incorreto,P-incorreto,VN,0,0,0.977039770397704,0.9193672839506173,0.947326575233552
41,correto,P-correto,VP,1,1,0.977039770397704,0.9193672839506173,0.947326575233552
42,correto,P-correto,VP,1,1,0.977039770397704,0.9193672839506173,0.947326575233552
43,correto,P-correto,VP,1,1,0.977039770397704,0.9193672839506173,0.947326575233552
41,correto,P-incorreto,FP,1,0,0.977039770397704,0.9193672839506173,0.947326575233552
41,correto,P-correto,VP,1,1,0.977039770397704,0.9193672839506173,0.947326575233552
40,correto,P-correto,VP,1,1,0.977039770397704,0.9193672839506173,0.947326575233552
42,correto,P-incorreto,FP,1,0,0.977039770397704,0.9193672839506173,0.947326575233552
43,correto,P-correto,VP,1,1,0.977039770397704,0.9193672839506173,0.947326575233552
42,correto,P-correto,VP,1,1,0.977039770397704,0.9193672839506173,0.947326575233552
42,correto,P-correto,VP,1,1,0.977039770397704,0.9193672839506173,0.947326575233552
42,correto,P-correto,VP,1,1,0.977039770397704,0.9193672839506173,0.947326575233552
43,correto,P-correto,VP,1,1,0.977039770397704,0.9193672839506173,0.947326575233552
42,correto,P-incorreto,FP,1,0,0.977039770397704,0.9193672839506173,0.947326575233552
29,incorreto,P-incorreto,VN,0,0,0.977039770397704,0.9193672839506173,0.947326575233552
42,correto,P-correto,VP,1,1,0.977039770397704,0.9193672839506173,0.947326575233552
43,correto,P-incorreto,FP,1,0,0.977039770397704,0.9193672839506173,0.947326575233552
42,correto,P-correto,VP,1,1,0.977039770397704,0.9193672839506173,0.947326575233552
42,correto,P-correto,VP,1,1,0.977039770397704,0.9193672839506173,0.947326575233552
42,correto,P-correto,VP,1,1,0.977039770397704,0.9193672839506173,0.947326575233552
33,incorreto,P-incorreto,VN,0,0,0.977039770397704,0.9193672839506173,0.947326575233552
41,correto,P-correto,VP,1,1,0.977039770397704,0.9193672839506173,0.947326575233552
39,incorreto,P-incorreto,VN,0,0,0.977039770397704,0.9193672839506173,0.947326575233552
42,correto,P-incorreto,FP,1,0,0.977039770397704,0.9193672839506173,0.947326575233552
42,correto,P-correto,VP,1,1,0.977039770397704,0.9193672839506173,0.947326575233552
42,correto,P-correto,VP,1,1,0.977039770397704,0.9193672839506173,0.947326575233552
41,correto,P-correto,VP,1,1,0.977039770397704,0.9193672839506173,0.947326575233552
42,correto,P-correto,VP,1,1,0.977039770397704,0.9193672839506173,0.947326575233552
41,correto,P-correto,VP,1,1,0.977039770397704,0.9193672839506173,0.947326575233552
42,correto,P-correto,VP,1,1,0.977039770397704,0.9193672839506173,0.947326575233552
42,correto,P-correto,VP,1,1,0.977039770397704,0.9193672839506173,0.947326575233552
40,incorreto,P-correto,FN,0,1,0.977039770397704,0.9193672839506173,0.947326575233552
42,correto,P-correto,VP,1,1,0.977039770397704,0.9193672839506173,0.947326575233552
41,correto,P-correto,VP,1,1,0.977039770397704,0.9193672839506173,0.947326575233552
42,correto,P-correto,VP,1,1,0.977039770397704,0.9193672839506173,0.947326575233552
40,incorreto,P-correto,FN,0,1,0.977039770397704,0.9193672839506173,0.947326575233552
42,correto,P-correto,VP,1,1,0.977039770397704,0.9193672839506173,0.947326575233552
43,correto,P-correto,VP,1,1,0.977039770397704,0.9193672839506173,0.947326575233552
42,correto,P-correto,VP,1,1,0.977039770397704,0.9193672839506173,0.947326575233552
39,incorreto,P-correto,FN,0,1,0.977039770397704,0.9193672839506173,0.947326575233552
42,correto,P-correto,VP,1,1,0.977039770397704,0.9193672839506173,0.947326575233552
41,correto,P-correto,VP,1,1,0.977039770397704,0.9193672839506173,0.947326575233552
42,correto,P-correto,VP,1,1,0.977039770397704,0.9193672839506173,0.947326575233552
42,correto,P-correto,VP,1,1,0.977039770397704,0.9193672839506173,0.947326575233552
48,incorreto,P-incorreto,VN,0,0,0.977039770397704,0.9193672839506173,0.947326575233552
42,correto,P-correto,VP,1,1,0.977039770397704,0.9193672839506173,0.947326575233552
42,correto,P-correto,VP,1,1,0.977039770397704,0.9193672839506173,0.947326575233552
42,correto,P-correto,VP,1,1,0.977039770397704,0.9193672839506173,0.947326575233552
41,correto,P-correto,VP,1,1,0.977039770397704,0.9193672839506173,0.947326575233552
42,correto,P-correto,VP,1,1,0.977039770397704,0.9193672839506173,0.947326575233552
42,correto,P-correto,VP,1,1,0.977039770397704,0.9193672839506173,0.947326575233552
42,correto,P-correto,VP,1,1,0.977039770397704,0.9193672839506173,0.947326575233552
42,correto,P-correto,VP,1,1,0.977039770397704,0.9193672839506173,0.947326575233552
43,correto,P-correto,VP,1,1,0.977039770397704,0.9193672839506173,0.947326575233552
42,correto,P-correto,VP,1,1,0.977039770397704,0.9193672839506173,0.947326575233552
42,correto,P-correto,VP,1,1,0.977039770397704,0.9193672839506173,0.947326575233552
52,incorreto,P-incorreto,VN,0,0,0.977039770397704,0.9193672839506173,0.947326575233552
42,correto,P-correto,VP,1,1,0.977039770397704,0.9193672839506173,0.947326575233552
42,correto,P-correto,VP,1,1,0.977039770397704,0.9193672839506173,0.947326575233552
42,correto,P-correto,VP,1,1,0.977039770397704,0.9193672839506173,0.947326575233552
42,correto,P-correto,VP,1,1,0.977039770397704,0.9193672839506173,0.947326575233552
42,correto,P-correto,VP,1,1,0.977039770397704,0.9193672839506173,0.947326575233552
43,correto,P-correto,VP,1,1,0.977039770397704,0.9193672839506173,0.947326575233552
42,correto,P-correto,VP,1,1,0.977039770397704,0.9193672839506173,0.947326575233552
42,correto,P-correto,VP,1,1,0.977039770397704,0.9193672839506173,0.947326575233552
43,incorreto,P-correto,FN,0,1,0.977039770397704,0.9193672839506173,0.947326575233552
43,correto,P-correto,VP,1,1,0.977039770397704,0.9193672839506173,0.947326575233552
42,correto,P-correto,VP,1,1,0.977039770397704,0.9193672839506173,0.947326575233552
43,correto,P-correto,VP,1,1,0.977039770397704,0.9193672839506173,0.947326575233552
42,correto,P-correto,VP,1,1,0.977039770397704,0.9193672839506173,0.947326575233552
41,correto,P-correto,VP,1,1,0.977039770397704,0.9193672839506173,0.947326575233552
42,correto,P-correto,VP,1,1,0.977039770397704,0.9193672839506173,0.947326575233552
43,correto,P-incorreto,FP,1,0,0.977039770397704,0.9193672839506173,0.947326575233552
42,correto,P-correto,VP,1,1,0.977039770397704,0.9193672839506173,0.947326575233552
30,incorreto,P-incorreto,VN,0,0,0.977039770397704,0.9193672839506173,0.947326575233552
42,correto,P-correto,VP,1,1,0.977039770397704,0.9193672839506173,0.947326575233552
42,correto,P-correto,VP,1,1,0.977039770397704,0.9193672839506173,0.947326575233552
42,correto,P-correto,VP,1,1,0.977039770397704,0.9193672839506173,0.947326575233552
42,correto,P-correto,VP,1,1,0.977039770397704,0.9193672839506173,0.947326575233552
42,correto,P-correto,VP,1,1,0.977039770397704,0.9193672839506173,0.947326575233552
43,correto,P-correto,VP,1,1,0.977039770397704,0.9193672839506173,0.947326575233552
26,incorreto,P-incorreto,VN,0,0,0.977039770397704,0.9193672839506173,0.947326575233552
41,correto,P-correto,VP,1,1,0.977039770397704,0.9193672839506173,0.947326575233552
42,correto,P-correto,VP,1,1,0.977039770397704,0.9193672839506173,0.947326575233552
43,correto,P-correto,VP,1,1,0.977039770397704,0.9193672839506173,0.947326575233552
41,correto,P-correto,VP,1,1,0.977039770397704,0.9193672839506173,0.947326575233552
41,correto,P-correto,VP,1,1,0.977039770397704,0.9193672839506173,0.947326575233552
36,incorreto,P-incorreto,VN,0,0,0.977039770397704,0.9193672839506173,0.947326575233552
42,correto,P-correto,VP,1,1,0.977039770397704,0.9193672839506173,0.947326575233552
43,correto,P-correto,VP,1,1,0.977039770397704,0.9193672839506173,0.947326575233552
30,incorreto,P-incorreto,VN,0,0,0.977039770397704,0.9193672839506173,0.947326575233552
42,incorreto,P-correto,FN,0,1,0.977039770397704,0.9193672839506173,0.947326575233552
42,correto,P-correto,VP,1,1,0.977039770397704,0.9193672839506173,0.947326575233552
42,correto,P-incorreto,FP,1,0,0.977039770397704,0.9193672839506173,0.947326575233552
31,incorreto,P-incorreto,VN,0,0,0.977039770397704,0.9193672839506173,0.947326575233552
42,correto,P-incorreto,FP,1,0,0.977039770397704,0.9193672839506173,0.947326575233552
42,correto,P-correto,VP,1,1,0.977039770397704,0.9193672839506173,0.947326575233552
41,correto,P-correto,VP,1,1,0.977039770397704,0.9193672839506173,0.947326575233552
41,correto,P-correto,VP,1,1,0.977039770397704,0.9193672839506173,0.947326575233552
42,correto,P-correto,VP,1,1,0.977039770397704,0.9193672839506173,0.947326575233552
42,correto,P-correto,VP,1,1,0.977039770397704,0.9193672839506173,0.947326575233552
46,incorreto,P-incorreto,VN,0,0,0.977039770397704,0.9193672839506173,0.947326575233552
42,correto,P-correto,VP,1,1,0.977039770397704,0.9193672839506173,0.947326575233552
42,correto,P-correto,VP,1,1,0.977039770397704,0.9193672839506173,0.947326575233552
42,correto,P-correto,VP,1,1,0.977039770397704,0.9193672839506173,0.947326575233552
42,correto,P-correto,VP,1,1,0.977039770397704,0.9193672839506173,0.947326575233552
42,correto,P-correto,VP,1,1,0.977039770397704,0.9193672839506173,0.947326575233552
42,correto,P-correto,VP,1,1,0.977039770397704,0.9193672839506173,0.947326575233552
42,correto,P-correto,VP,1,1,0.977039770397704,0.9193672839506173,0.947326575233552
42,correto,P-correto,VP,1,1,0.977039770397704,0.9193672839506173,0.947326575233552
42,correto,P-correto,VP,1,1,0.977039770397704,0.9193672839506173,0.947326575233552
42,correto,P-correto,VP,1,1,0.977039770397704,0.9193672839506173,0.947326575233552
42,correto,P-correto,VP,1,1,0.977039770397704,0.9193672839506173,0.947326575233552
42,correto,P-correto,VP,1,1,0.977039770397704,0.9193672839506173,0.947326575233552
43,correto,P-correto,VP,1,1,0.977039770397704,0.9193672839506173,0.947326575233552
42,correto,P-correto,VP,1,1,0.977039770397704,0.9193672839506173,0.947326575233552
42,correto,P-correto,VP,1,1,0.977039770397704,0.9193672839506173,0.947326575233552
42,correto,P-correto,VP,1,1,0.977039770397704,0.9193672839506173,0.947326575233552
41,correto,P-correto,VP,1,1,0.977039770397704,0.9193672839506173,0.947326575233552
42,correto,P-correto,VP,1,1,0.977039770397704,0.9193672839506173,0.947326575233552
41,correto,P-correto,VP,1,1,0.977039770397704,0.9193672839506173,0.947326575233552
42,correto,P-correto,VP,1,1,0.977039770397704,0.9193672839506173,0.947326575233552
42,correto,P-correto,VP,1,1,0.977039770397704,0.9193672839506173,0.947326575233552
42,correto,P-correto,VP,1,1,0.977039770397704,0.9193672839506173,0.947326575233552
41,correto,P-correto,VP,1,1,0.977039770397704,0.9193672839506173,0.947326575233552
42,correto,P-correto,VP,1,1,0.977039770397704,0.9193672839506173,0.947326575233552
43,correto,P-correto,VP,1,1,0.977039770397704,0.9193672839506173,0.947326575233552
42,correto,P-correto,VP,1,1,0.977039770397704,0.9193672839506173,0.947326575233552
42,correto,P-correto,VP,1,1,0.977039770397704,0.9193672839506173,0.947326575233552
41,correto,P-correto,VP,1,1,0.977039770397704,0.9193672839506173,0.947326575233552
43,correto,P-correto,VP,1,1,0.977039770397704,0.9193672839506173,0.947326575233552
42,correto,P-correto,VP,1,1,0.977039770397704,0.9193672839506173,0.947326575233552
42,correto,P-correto,VP,1,1,0.977039770397704,0.9193672839506173,0.947326575233552
42,correto,P-correto,VP,1,1,0.977039770397704,0.9193672839506173,0.947326575233552
33,incorreto,P-incorreto,VN,0,0,0.977039770397704,0.9193672839506173,0.947326575233552
42,correto,P-correto,VP,1,1,0.977039770397704,0.9193672839506173,0.947326575233552
32,incorreto,P-incorreto,VN,0,0,0.977039770397704,0.9193672839506173,0.947326575233552
41,correto,P-correto,VP,1,1,0.977039770397704,0.9193672839506173,0.947326575233552
42,correto,P-correto,VP,1,1,0.977039770397704,0.9193672839506173,0.947326575233552
42,correto,P-correto,VP,1,1,0.977039770397704,0.9193672839506173,0.947326575233552
42,correto,P-incorreto,FP,1,0,0.977039770397704,0.9193672839506173,0.947326575233552
42,correto,P-correto,VP,1,1,0.977039770397704,0.9193672839506173,0.947326575233552
42,correto,P-correto,VP,1,1,0.977039770397704,0.9193672839506173,0.947326575233552
38,incorreto,P-incorreto,VN,0,0,0.977039770397704,0.9193672839506173,0.947326575233552
41,correto,P-correto,VP,1,1,0.977039770397704,0.9193672839506173,0.947326575233552
42,correto,P-correto,VP,1,1,0.977039770397704,0.9193672839506173,0.947326575233552
42,correto,P-correto,VP,1,1,0.977039770397704,0.9193672839506173,0.947326575233552
42,correto,P-correto,VP,1,1,0.977039770397704,0.9193672839506173,0.947326575233552
42,correto,P-correto,VP,1,1,0.977039770397704,0.9193672839506173,0.947326575233552
42,correto,P-correto,VP,1,1,0.977039770397704,0.9193672839506173,0.947326575233552
41,correto,P-correto,VP,1,1,0.977039770397704,0.9193672839506173,0.947326575233552
42,correto,P-incorreto,FP,1,0,0.977039770397704,0.9193672839506173,0.947326575233552
33,incorreto,P-incorreto,VN,0,0,0.977039770397704,0.9193672839506173,0.947326575233552
42,correto,P-incorreto,FP,1,0,0.977039770397704,0.9193672839506173,0.947326575233552
42,correto,P-correto,VP,1,1,0.977039770397704,0.9193672839506173,0.947326575233552
42,correto,P-correto,VP,1,1,0.977039770397704,0.9193672839506173,0.947326575233552
41,correto,P-correto,VP,1,1,0.977039770397704,0.9193672839506173,0.947326575233552
42,correto,P-correto,VP,1,1,0.977039770397704,0.9193672839506173,0.947326575233552
42,correto,P-correto,VP,1,1,0.977039770397704,0.9193672839506173,0.947326575233552
42,correto,P-correto,VP,1,1,0.977039770397704,0.9193672839506173,0.947326575233552
41,correto,P-correto,VP,1,1,0.977039770397704,0.9193672839506173,0.947326575233552
42,correto,P-correto,VP,1,1,0.977039770397704,0.9193672839506173,0.947326575233552
41,correto,P-correto,VP,1,1,0.977039770397704,0.9193672839506173,0.947326575233552
42,correto,P-correto,VP,1,1,0.977039770397704,0.9193672839506173,0.947326575233552
42,correto,P-correto,VP,1,1,0.977039770397704,0.9193672839506173,0.947326575233552
42,correto,P-correto,VP,1,1,0.977039770397704,0.9193672839506173,0.947326575233552
41,correto,P-correto,VP,1,1,0.977039770397704,0.9193672839506173,0.947326575233552
42,correto,P-incorreto,FP,1,0,0.977039770397704,0.9193672839506173,0.947326575233552
42,correto,P-correto,VP,1,1,0.977039770397704,0.9193672839506173,0.947326575233552
43,correto,P-correto,VP,1,1,0.977039770397704,0.9193672839506173,0.947326575233552
42,correto,P-correto,VP,1,1,0.977039770397704,0.9193672839506173,0.947326575233552
45,incorreto,P-correto,FN,0,1,0.977039770397704,0.9193672839506173,0.947326575233552
41,correto,P-correto,VP,1,1,0.977039770397704,0.9193672839506173,0.947326575233552
41,correto,P-correto,VP,1,1,0.977039770397704,0.9193672839506173,0.947326575233552
42,correto,P-correto,VP,1,1,0.977039770397704,0.9193672839506173,0.947326575233552
43,correto,P-correto,VP,1,1,0.977039770397704,0.9193672839506173,0.947326575233552
41,correto,P-correto,VP,1,1,0.977039770397704,0.9193672839506173,0.947326575233552
42,correto,P-correto,VP,1,1,0.977039770397704,0.9193672839506173,0.947326575233552
43,correto,P-correto,VP,1,1,0.977039770397704,0.9193672839506173,0.947326575233552
42,correto,P-correto,VP,1,1,0.977039770397704,0.9193672839506173,0.947326575233552
42,correto,P-correto,VP,1,1,0.977039770397704,0.9193672839506173,0.947326575233552
43,correto,P-correto,VP,1,1,0.977039770397704,0.9193672839506173,0.947326575233552
42,correto,P-correto,VP,1,1,0.977039770397704,0.9193672839506173,0.947326575233552
42,correto,P-correto,VP,1,1,0.977039770397704,0.9193672839506173,0.947326575233552
43,correto,P-correto,VP,1,1,0.977039770397704,0.9193672839506173,0.947326575233552
42,correto,P-correto,VP,1,1,0.977039770397704,0.9193672839506173,0.947326575233552
42,correto,P-correto,VP,1,1,0.977039770397704,0.9193672839506173,0.947326575233552
42,correto,P-correto,VP,1,1,0.977039770397704,0.9193672839506173,0.947326575233552
42,correto,P-correto,VP,1,1,0.977039770397704,0.9193672839506173,0.947326575233552
42,correto,P-correto,VP,1,1,0.977039770397704,0.9193672839506173,0.947326575233552
42,correto,P-correto,VP,1,1,0.977039770397704,0.9193672839506173,0.947326575233552
42,correto,P-correto,VP,1,1,0.977039770397704,0.9193672839506173,0.947326575233552
42,correto,P-correto,VP,1,1,0.977039770397704,0.9193672839506173,0.947326575233552
42,correto,P-correto,VP,1,1,0.977039770397704,0.9193672839506173,0.947326575233552
41,correto,P-correto,VP,1,1,0.977039770397704,0.9193672839506173,0.947326575233552
42,correto,P-correto,VP,1,1,0.977039770397704,0.9193672839506173,0.947326575233552
41,correto,P-correto,VP,1,1,0.977039770397704,0.9193672839506173,0.947326575233552
41,correto,P-correto,VP,1,1,0.977039770397704,0.9193672839506173,0.947326575233552
41,correto,P-correto,VP,1,1,0.977039770397704,0.9193672839506173,0.947326575233552
35,incorreto,P-incorreto,VN,0,0,0.977039770397704,0.9193672839506173,0.947326575233552
41,correto,P-correto,VP,1,1,0.977039770397704,0.9193672839506173,0.947326575233552
43,correto,P-correto,VP,1,1,0.977039770397704,0.9193672839506173,0.947326575233552
43,correto,P-correto,VP,1,1,0.977039770397704,0.9193672839506173,0.947326575233552
43,correto,P-correto,VP,1,1,0.977039770397704,0.9193672839506173,0.947326575233552
42,correto,P-correto,VP,1,1,0.977039770397704,0.9193672839506173,0.947326575233552
39,incorreto,P-correto,FN,0,1,0.977039770397704,0.9193672839506173,0.947326575233552
42,correto,P-correto,VP,1,1,0.977039770397704,0.9193672839506173,0.947326575233552
42,correto,P-correto,VP,1,1,0.977039770397704,0.9193672839506173,0.947326575233552
42,correto,P-correto,VP,1,1,0.977039770397704,0.9193672839506173,0.947326575233552
42,correto,P-correto,VP,1,1,0.977039770397704,0.9193672839506173,0.947326575233552
42,correto,P-correto,VP,1,1,0.977039770397704,0.9193672839506173,0.947326575233552
42,correto,P-correto,VP,1,1,0.977039770397704,0.9193672839506173,0.947326575233552
41,correto,P-correto,VP,1,1,0.977039770397704,0.9193672839506173,0.947326575233552
42,correto,P-correto,VP,1,1,0.977039770397704,0.9193672839506173,0.947326575233552
42,correto,P-correto,VP,1,1,0.977039770397704,0.9193672839506173,0.947326575233552
42,correto,P-correto,VP,1,1,0.977039770397704,0.9193672839506173,0.947326575233552
43,correto,P-correto,VP,1,1,0.977039770397704,0.9193672839506173,0.947326575233552
42,correto,P-incorreto,FP,1,0,0.977039770397704,0.9193672839506173,0.947326575233552
43,correto,P-correto,VP,1,1,0.977039770397704,0.9193672839506173,0.947326575233552
42,correto,P-correto,VP,1,1,0.977039770397704,0.9193672839506173,0.947326575233552
42,correto,P-correto,VP,1,1,0.977039770397704,0.9193672839506173,0.947326575233552
42,correto,P-correto,VP,1,1,0.977039770397704,0.9193672839506173,0.947326575233552
42,correto,P-correto,VP,1,1,0.977039770397704,0.9193672839506173,0.947326575233552
41,correto,P-correto,VP,1,1,0.977039770397704,0.9193672839506173,0.947326575233552
42,correto,P-correto,VP,1,1,0.977039770397704,0.9193672839506173,0.947326575233552
42,correto,P-correto,VP,1,1,0.977039770397704,0.9193672839506173,0.947326575233552
42,correto,P-correto,VP,1,1,0.977039770397704,0.9193672839506173,0.947326575233552
42,correto,P-correto,VP,1,1,0.977039770397704,0.9193672839506173,0.947326575233552
42,correto,P-correto,VP,1,1,0.977039770397704,0.9193672839506173,0.947326575233552
42,correto,P-correto,VP,1,1,0.977039770397704,0.9193672839506173,0.947326575233552
42,correto,P-correto,VP,1,1,0.977039770397704,0.9193672839506173,0.947326575233552
41,correto,P-correto,VP,1,1,0.977039770397704,0.9193672839506173,0.947326575233552
43,correto,P-correto,VP,1,1,0.977039770397704,0.9193672839506173,0.947326575233552
42,correto,P-correto,VP,1,1,0.977039770397704,0.9193672839506173,0.947326575233552
42,correto,P-correto,VP,1,1,0.977039770397704,0.9193672839506173,0.947326575233552
42,correto,P-correto,VP,1,1,0.977039770397704,0.9193672839506173,0.947326575233552
42,correto,P-correto,VP,1,1,0.977039770397704,0.9193672839506173,0.947326575233552
43,correto,P-correto,VP,1,1,0.977039770397704,0.9193672839506173,0.947326575233552
42,correto,P-correto,VP,1,1,0.977039770397704,0.9193672839506173,0.947326575233552
42,correto,P-incorreto,FP,1,0,0.977039770397704,0.9193672839506173,0.947326575233552
32,incorreto,P-incorreto,VN,0,0,0.977039770397704,0.9193672839506173,0.947326575233552
42,correto,P-correto,VP,1,1,0.977039770397704,0.9193672839506173,0.947326575233552
42,correto,P-correto,VP,1,1,0.977039770397704,0.9193672839506173,0.947326575233552
42,correto,P-correto,VP,1,1,0.977039770397704,0.9193672839506173,0.947326575233552
44,incorreto,P-incorreto,VN,0,0,0.977039770397704,0.9193672839506173,0.947326575233552
43,correto,P-correto,VP,1,1,0.977039770397704,0.9193672839506173,0.947326575233552
42,correto,P-correto,VP,1,1,0.977039770397704,0.9193672839506173,0.947326575233552
42,correto,P-correto,VP,1,1,0.977039770397704,0.9193672839506173,0.947326575233552
41,correto,P-correto,VP,1,1,0.977039770397704,0.9193672839506173,0.947326575233552
42,correto,P-correto,VP,1,1,0.977039770397704,0.9193672839506173,0.947326575233552
41,correto,P-correto,VP,1,1,0.977039770397704,0.9193672839506173,0.947326575233552
41,correto,P-correto,VP,1,1,0.977039770397704,0.9193672839506173,0.947326575233552
42,correto,P-correto,VP,1,1,0.977039770397704,0.9193672839506173,0.947326575233552
41,correto,P-correto,VP,1,1,0.977039770397704,0.9193672839506173,0.947326575233552
42,correto,P-correto,VP,1,1,0.977039770397704,0.9193672839506173,0.947326575233552
41,correto,P-correto,VP,1,1,0.977039770397704,0.9193672839506173,0.947326575233552
42,correto,P-correto,VP,1,1,0.977039770397704,0.9193672839506173,0.947326575233552
42,correto,P-correto,VP,1,1,0.977039770397704,0.9193672839506173,0.947326575233552
42,correto,P-correto,VP,1,1,0.977039770397704,0.9193672839506173,0.947326575233552
42,correto,P-incorreto,FP,1,0,0.977039770397704,0.9193672839506173,0.947326575233552
42,correto,P-correto,VP,1,1,0.977039770397704,0.9193672839506173,0.947326575233552
42,correto,P-correto,VP,1,1,0.977039770397704,0.9193672839506173,0.947326575233552
42,correto,P-incorreto,FP,1,0,0.977039770397704,0.9193672839506173,0.947326575233552
41,correto,P-incorreto,FP,1,0,0.977039770397704,0.9193672839506173,0.947326575233552
42,correto,P-correto,VP,1,1,0.977039770397704,0.9193672839506173,0.947326575233552
42,correto,P-correto,VP,1,1,0.977039770397704,0.9193672839506173,0.947326575233552
42,correto,P-correto,VP,1,1,0.977039770397704,0.9193672839506173,0.947326575233552
42,correto,P-correto,VP,1,1,0.977039770397704,0.9193672839506173,0.947326575233552
42,correto,P-correto,VP,1,1,0.977039770397704,0.9193672839506173,0.947326575233552
43,correto,P-correto,VP,1,1,0.977039770397704,0.9193672839506173,0.947326575233552
42,correto,P-correto,VP,1,1,0.977039770397704,0.9193672839506173,0.947326575233552
42,correto,P-correto,VP,1,1,0.977039770397704,0.9193672839506173,0.947326575233552
41,correto,P-correto,VP,1,1,0.977039770397704,0.9193672839506173,0.947326575233552
42,correto,P-correto,VP,1,1,0.977039770397704,0.9193672839506173,0.947326575233552
42,correto,P-correto,VP,1,1,0.977039770397704,0.9193672839506173,0.947326575233552
41,correto,P-correto,VP,1,1,0.977039770397704,0.9193672839506173,0.947326575233552
42,correto,P-correto,VP,1,1,0.977039770397704,0.9193672839506173,0.947326575233552
42,correto,P-correto,VP,1,1,0.977039770397704,0.9193672839506173,0.947326575233552
42,correto,P-correto,VP,1,1,0.977039770397704,0.9193672839506173,0.947326575233552
42,correto,P-correto,VP,1,1,0.977039770397704,0.9193672839506173,0.947326575233552
42,correto,P-correto,VP,1,1,0.977039770397704,0.9193672839506173,0.947326575233552
62,incorreto,P-incorreto,VN,0,0,0.977039770397704,0.9193672839506173,0.947326575233552
42,correto,P-correto,VP,1,1,0.977039770397704,0.9193672839506173,0.947326575233552
43,correto,P-correto,VP,1,1,0.977039770397704,0.9193672839506173,0.947326575233552
43,correto,P-correto,VP,1,1,0.977039770397704,0.9193672839506173,0.947326575233552
42,correto,P-correto,VP,1,1,0.977039770397704,0.9193672839506173,0.947326575233552
42,correto,P-correto,VP,1,1,0.977039770397704,0.9193672839506173,0.947326575233552
42,correto,P-correto,VP,1,1,0.977039770397704,0.9193672839506173,0.947326575233552
42,correto,P-correto,VP,1,1,0.977039770397704,0.9193672839506173,0.947326575233552
42,correto,P-correto,VP,1,1,0.977039770397704,0.9193672839506173,0.947326575233552
41,correto,P-correto,VP,1,1,0.977039770397704,0.9193672839506173,0.947326575233552
42,correto,P-correto,VP,1,1,0.977039770397704,0.9193672839506173,0.947326575233552
41,correto,P-correto,VP,1,1,0.977039770397704,0.9193672839506173,0.947326575233552
42,correto,P-correto,VP,1,1,0.977039770397704,0.9193672839506173,0.947326575233552
42,correto,P-correto,VP,1,1,0.977039770397704,0.9193672839506173,0.947326575233552
42,correto,P-correto,VP,1,1,0.977039770397704,0.9193672839506173,0.947326575233552
41,correto,P-correto,VP,1,1,0.977039770397704,0.9193672839506173,0.947326575233552
41,correto,P-incorreto,FP,1,0,0.977039770397704,0.9193672839506173,0.947326575233552
42,correto,P-correto,VP,1,1,0.977039770397704,0.9193672839506173,0.947326575233552
42,correto,P-correto,VP,1,1,0.977039770397704,0.9193672839506173,0.947326575233552
42,correto,P-correto,VP,1,1,0.977039770397704,0.9193672839506173,0.947326575233552
42,correto,P-correto,VP,1,1,0.977039770397704,0.9193672839506173,0.947326575233552
41,correto,P-correto,VP,1,1,0.977039770397704,0.9193672839506173,0.947326575233552
42,correto,P-correto,VP,1,1,0.977039770397704,0.9193672839506173,0.947326575233552
42,correto,P-correto,VP,1,1,0.977039770397704,0.9193672839506173,0.947326575233552
42,correto,P-correto,VP,1,1,0.977039770397704,0.9193672839506173,0.947326575233552
43,correto,P-correto,VP,1,1,0.977039770397704,0.9193672839506173,0.947326575233552
55,incorreto,P-incorreto,VN,0,0,0.977039770397704,0.9193672839506173,0.947326575233552
42,correto,P-correto,VP,1,1,0.977039770397704,0.9193672839506173,0.947326575233552
42,correto,P-correto,VP,1,1,0.977039770397704,0.9193672839506173,0.947326575233552
42,correto,P-correto,VP,1,1,0.977039770397704,0.9193672839506173,0.947326575233552
42,correto,P-correto,VP,1,1,0.977039770397704,0.9193672839506173,0.947326575233552
42,correto,P-correto,VP,1,1,0.977039770397704,0.9193672839506173,0.947326575233552
42,correto,P-correto,VP,1,1,0.977039770397704,0.9193672839506173,0.947326575233552
42,correto,P-correto,VP,1,1,0.977039770397704,0.9193672839506173,0.947326575233552
41,correto,P-incorreto,FP,1,0,0.977039770397704,0.9193672839506173,0.947326575233552
42,correto,P-correto,VP,1,1,0.977039770397704,0.9193672839506173,0.947326575233552
43,correto,P-correto,VP,1,1,0.977039770397704,0.9193672839506173,0.947326575233552
43,correto,P-correto,VP,1,1,0.977039770397704,0.9193672839506173,0.947326575233552
41,correto,P-correto,VP,1,1,0.977039770397704,0.9193672839506173,0.947326575233552
42,correto,P-correto,VP,1,1,0.977039770397704,0.9193672839506173,0.947326575233552
43,correto,P-correto,VP,1,1,0.977039770397704,0.9193672839506173,0.947326575233552
42,correto,P-correto,VP,1,1,0.977039770397704,0.9193672839506173,0.947326575233552
43,correto,P-correto,VP,1,1,0.977039770397704,0.9193672839506173,0.947326575233552
42,correto,P-correto,VP,1,1,0.977039770397704,0.9193672839506173,0.947326575233552
42,correto,P-correto,VP,1,1,0.977039770397704,0.9193672839506173,0.947326575233552
42,correto,P-correto,VP,1,1,0.977039770397704,0.9193672839506173,0.947326575233552
43,correto,P-correto,VP,1,1,0.977039770397704,0.9193672839506173,0.947326575233552
26,incorreto,P-incorreto,VN,0,0,0.977039770397704,0.9193672839506173,0.947326575233552
42,correto,P-correto,VP,1,1,0.977039770397704,0.9193672839506173,0.947326575233552
45,incorreto,P-incorreto,VN,0,0,0.977039770397704,0.9193672839506173,0.947326575233552
42,correto,P-incorreto,FP,1,0,0.977039770397704,0.9193672839506173,0.947326575233552
42,correto,P-correto,VP,1,1,0.977039770397704,0.9193672839506173,0.947326575233552
43,correto,P-correto,VP,1,1,0.977039770397704,0.9193672839506173,0.947326575233552
41,correto,P-correto,VP,1,1,0.977039770397704,0.9193672839506173,0.947326575233552
42,correto,P-correto,VP,1,1,0.977039770397704,0.9193672839506173,0.947326575233552
42,correto,P-correto,VP,1,1,0.977039770397704,0.9193672839506173,0.947326575233552
42,correto,P-correto,VP,1,1,0.977039770397704,0.9193672839506173,0.947326575233552
57,incorreto,P-incorreto,VN,0,0,0.977039770397704,0.9193672839506173,0.947326575233552
43,correto,P-correto,VP,1,1,0.977039770397704,0.9193672839506173,0.947326575233552
42,correto,P-correto,VP,1,1,0.977039770397704,0.9193672839506173,0.947326575233552
42,correto,P-correto,VP,1,1,0.977039770397704,0.9193672839506173,0.947326575233552
30,incorreto,P-incorreto,VN,0,0,0.977039770397704,0.9193672839506173,0.947326575233552
43,correto,P-correto,VP,1,1,0.977039770397704,0.9193672839506173,0.947326575233552
42,correto,P-incorreto,FP,1,0,0.977039770397704,0.9193672839506173,0.947326575233552
42,correto,P-correto,VP,1,1,0.977039770397704,0.9193672839506173,0.947326575233552
42,correto,P-correto,VP,1,1,0.977039770397704,0.9193672839506173,0.947326575233552
42,correto,P-incorreto,FP,1,0,0.977039770397704,0.9193672839506173,0.947326575233552
42,correto,P-correto,VP,1,1,0.977039770397704,0.9193672839506173,0.947326575233552
42,correto,P-incorreto,FP,1,0,0.977039770397704,0.9193672839506173,0.947326575233552
42,correto,P-correto,VP,1,1,0.977039770397704,0.9193672839506173,0.947326575233552
42,correto,P-correto,VP,1,1,0.977039770397704,0.9193672839506173,0.947326575233552
42,correto,P-correto,VP,1,1,0.977039770397704,0.9193672839506173,0.947326575233552
43,correto,P-correto,VP,1,1,0.977039770397704,0.9193672839506173,0.947326575233552
42,correto,P-correto,VP,1,1,0.977039770397704,0.9193672839506173,0.947326575233552
42,correto,P-correto,VP,1,1,0.977039770397704,0.9193672839506173,0.947326575233552
33,incorreto,P-incorreto,VN,0,0,0.977039770397704,0.9193672839506173,0.947326575233552
41,correto,P-correto,VP,1,1,0.977039770397704,0.9193672839506173,0.947326575233552
41,correto,P-correto,VP,1,1,0.977039770397704,0.9193672839506173,0.947326575233552
42,correto,P-correto,VP,1,1,0.977039770397704,0.9193672839506173,0.947326575233552
41,correto,P-correto,VP,1,1,0.977039770397704,0.9193672839506173,0.947326575233552
33,incorreto,P-incorreto,VN,0,0,0.977039770397704,0.9193672839506173,0.947326575233552
41,correto,P-correto,VP,1,1,0.977039770397704,0.9193672839506173,0.947326575233552
41,correto,P-correto,VP,1,1,0.977039770397704,0.9193672839506173,0.947326575233552
43,correto,P-correto,VP,1,1,0.977039770397704,0.9193672839506173,0.947326575233552
41,incorreto,P-correto,FN,0,1,0.977039770397704,0.9193672839506173,0.947326575233552
41,correto,P-correto,VP,1,1,0.977039770397704,0.9193672839506173,0.947326575233552
42,correto,P-correto,VP,1,1,0.977039770397704,0.9193672839506173,0.947326575233552
42,correto,P-correto,VP,1,1,0.977039770397704,0.9193672839506173,0.947326575233552
43,correto,P-correto,VP,1,1,0.977039770397704,0.9193672839506173,0.947326575233552
31,incorreto,P-incorreto,VN,0,0,0.977039770397704,0.9193672839506173,0.947326575233552
42,correto,P-correto,VP,1,1,0.977039770397704,0.9193672839506173,0.947326575233552
43,correto,P-correto,VP,1,1,0.977039770397704,0.9193672839506173,0.947326575233552
41,correto,P-correto,VP,1,1,0.977039770397704,0.9193672839506173,0.947326575233552
42,correto,P-correto,VP,1,1,0.977039770397704,0.9193672839506173,0.947326575233552
43,correto,P-correto,VP,1,1,0.977039770397704,0.9193672839506173,0.947326575233552
42,correto,P-correto,VP,1,1,0.977039770397704,0.9193672839506173,0.947326575233552
42,correto,P-correto,VP,1,1,0.977039770397704,0.9193672839506173,0.947326575233552
42,correto,P-correto,VP,1,1,0.977039770397704,0.9193672839506173,0.947326575233552
41,correto,P-correto,VP,1,1,0.977039770397704,0.9193672839506173,0.947326575233552
43,correto,P-correto,VP,1,1,0.977039770397704,0.9193672839506173,0.947326575233552
42,correto,P-correto,VP,1,1,0.977039770397704,0.9193672839506173,0.947326575233552
42,correto,P-correto,VP,1,1,0.977039770397704,0.9193672839506173,0.947326575233552
54,incorreto,P-incorreto,VN,0,0,0.977039770397704,0.9193672839506173,0.947326575233552
42,correto,P-correto,VP,1,1,0.977039770397704,0.9193672839506173,0.947326575233552
43,correto,P-correto,VP,1,1,0.977039770397704,0.9193672839506173,0.947326575233552
42,correto,P-correto,VP,1,1,0.977039770397704,0.9193672839506173,0.947326575233552
42,correto,P-correto,VP,1,1,0.977039770397704,0.9193672839506173,0.947326575233552
39,incorreto,P-incorreto,VN,0,0,0.977039770397704,0.9193672839506173,0.947326575233552
42,correto,P-correto,VP,1,1,0.977039770397704,0.9193672839506173,0.947326575233552
42,correto,P-correto,VP,1,1,0.977039770397704,0.9193672839506173,0.947326575233552
42,correto,P-correto,VP,1,1,0.977039770397704,0.9193672839506173,0.947326575233552
43,correto,P-correto,VP,1,1,0.977039770397704,0.9193672839506173,0.947326575233552
42,correto,P-correto,VP,1,1,0.977039770397704,0.9193672839506173,0.947326575233552
42,correto,P-correto,VP,1,1,0.977039770397704,0.9193672839506173,0.947326575233552
42,correto,P-correto,VP,1,1,0.977039770397704,0.9193672839506173,0.947326575233552
42,correto,P-correto,VP,1,1,0.977039770397704,0.9193672839506173,0.947326575233552
42,correto,P-correto,VP,1,1,0.977039770397704,0.9193672839506173,0.947326575233552
41,correto,P-correto,VP,1,1,0.977039770397704,0.9193672839506173,0.947326575233552
42,correto,P-correto,VP,1,1,0.977039770397704,0.9193672839506173,0.947326575233552
43,correto,P-correto,VP,1,1,0.977039770397704,0.9193672839506173,0.947326575233552
42,correto,P-correto,VP,1,1,0.977039770397704,0.9193672839506173,0.947326575233552
43,correto,P-correto,VP,1,1,0.977039770397704,0.9193672839506173,0.947326575233552
42,correto,P-incorreto,FP,1,0,0.977039770397704,0.9193672839506173,0.947326575233552
42,correto,P-correto,VP,1,1,0.977039770397704,0.9193672839506173,0.947326575233552
42,correto,P-correto,VP,1,1,0.977039770397704,0.9193672839506173,0.947326575233552
42,correto,P-correto,VP,1,1,0.977039770397704,0.9193672839506173,0.947326575233552
42,correto,P-correto,VP,1,1,0.977039770397704,0.9193672839506173,0.947326575233552
42,correto,P-correto,VP,1,1,0.977039770397704,0.9193672839506173,0.947326575233552
43,correto,P-correto,VP,1,1,0.977039770397704,0.9193672839506173,0.947326575233552
42,correto,P-correto,VP,1,1,0.977039770397704,0.9193672839506173,0.947326575233552
42,correto,P-correto,VP,1,1,0.977039770397704,0.9193672839506173,0.947326575233552
42,correto,P-correto,VP,1,1,0.977039770397704,0.9193672839506173,0.947326575233552
42,correto,P-correto,VP,1,1,0.977039770397704,0.9193672839506173,0.947326575233552
41,correto,P-correto,VP,1,1,0.977039770397704,0.9193672839506173,0.947326575233552
42,correto,P-correto,VP,1,1,0.977039770397704,0.9193672839506173,0.947326575233552
42,correto,P-correto,VP,1,1,0.977039770397704,0.9193672839506173,0.947326575233552
42,correto,P-correto,VP,1,1,0.977039770397704,0.9193672839506173,0.947326575233552
41,correto,P-correto,VP,1,1,0.977039770397704,0.9193672839506173,0.947326575233552
41,correto,P-correto,VP,1,1,0.977039770397704,0.9193672839506173,0.947326575233552
42,correto,P-correto,VP,1,1,0.977039770397704,0.9193672839506173,0.947326575233552
43,correto,P-correto,VP,1,1,0.977039770397704,0.9193672839506173,0.947326575233552
41,correto,P-correto,VP,1,1,0.977039770397704,0.9193672839506173,0.947326575233552
41,correto,P-correto,VP,1,1,0.977039770397704,0.9193672839506173,0.947326575233552
43,correto,P-correto,VP,1,1,0.977039770397704,0.9193672839506173,0.947326575233552
41,correto,P-incorreto,FP,1,0,0.977039770397704,0.9193672839506173,0.947326575233552
51,incorreto,P-incorreto,VN,0,0,0.977039770397704,0.9193672839506173,0.947326575233552
42,correto,P-incorreto,FP,1,0,0.977039770397704,0.9193672839506173,0.947326575233552
43,correto,P-correto,VP,1,1,0.977039770397704,0.9193672839506173,0.947326575233552
42,correto,P-correto,VP,1,1,0.977039770397704,0.9193672839506173,0.947326575233552
41,correto,P-correto,VP,1,1,0.977039770397704,0.9193672839506173,0.947326575233552
42,correto,P-correto,VP,1,1,0.977039770397704,0.9193672839506173,0.947326575233552
42,correto,P-correto,VP,1,1,0.977039770397704,0.9193672839506173,0.947326575233552
42,correto,P-correto,VP,1,1,0.977039770397704,0.9193672839506173,0.947326575233552
42,correto,P-correto,VP,1,1,0.977039770397704,0.9193672839506173,0.947326575233552
42,correto,P-correto,VP,1,1,0.977039770397704,0.9193672839506173,0.947326575233552
41,correto,P-correto,VP,1,1,0.977039770397704,0.9193672839506173,0.947326575233552
42,correto,P-correto,VP,1,1,0.977039770397704,0.9193672839506173,0.947326575233552
42,correto,P-correto,VP,1,1,0.977039770397704,0.9193672839506173,0.947326575233552
41,correto,P-correto,VP,1,1,0.977039770397704,0.9193672839506173,0.947326575233552
42,correto,P-correto,VP,1,1,0.977039770397704,0.9193672839506173,0.947326575233552
43,correto,P-incorreto,FP,1,0,0.977039770397704,0.9193672839506173,0.947326575233552
23,incorreto,P-incorreto,VN,0,0,0.977039770397704,0.9193672839506173,0.947326575233552
42,correto,P-correto,VP,1,1,0.977039770397704,0.9193672839506173,0.947326575233552
42,correto,P-correto,VP,1,1,0.977039770397704,0.9193672839506173,0.947326575233552
42,correto,P-correto,VP,1,1,0.977039770397704,0.9193672839506173,0.947326575233552
41,correto,P-correto,VP,1,1,0.977039770397704,0.9193672839506173,0.947326575233552
42,correto,P-correto,VP,1,1,0.977039770397704,0.9193672839506173,0.947326575233552
42,correto,P-correto,VP,1,1,0.977039770397704,0.9193672839506173,0.947326575233552
42,correto,P-correto,VP,1,1,0.977039770397704,0.9193672839506173,0.947326575233552
42,correto,P-correto,VP,1,1,0.977039770397704,0.9193672839506173,0.947326575233552
41,correto,P-correto,VP,1,1,0.977039770397704,0.9193672839506173,0.947326575233552
42,correto,P-correto,VP,1,1,0.977039770397704,0.9193672839506173,0.947326575233552
42,correto,P-correto,VP,1,1,0.977039770397704,0.9193672839506173,0.947326575233552
42,correto,P-correto,VP,1,1,0.977039770397704,0.9193672839506173,0.947326575233552
36,incorreto,P-incorreto,VN,0,0,0.977039770397704,0.9193672839506173,0.947326575233552
42,correto,P-correto,VP,1,1,0.977039770397704,0.9193672839506173,0.947326575233552
43,correto,P-correto,VP,1,1,0.977039770397704,0.9193672839506173,0.947326575233552
42,correto,P-correto,VP,1,1,0.977039770397704,0.9193672839506173,0.947326575233552
43,correto,P-correto,VP,1,1,0.977039770397704,0.9193672839506173,0.947326575233552
42,correto,P-correto,VP,1,1,0.977039770397704,0.9193672839506173,0.947326575233552
42,correto,P-correto,VP,1,1,0.977039770397704,0.9193672839506173,0.947326575233552
41,correto,P-correto,VP,1,1,0.977039770397704,0.9193672839506173,0.947326575233552
42,correto,P-correto,VP,1,1,0.977039770397704,0.9193672839506173,0.947326575233552
41,correto,P-correto,VP,1,1,0.977039770397704,0.9193672839506173,0.947326575233552
42,correto,P-correto,VP,1,1,0.977039770397704,0.9193672839506173,0.947326575233552
42,correto,P-correto,VP,1,1,0.977039770397704,0.9193672839506173,0.947326575233552
42,correto,P-correto,VP,1,1,0.977039770397704,0.9193672839506173,0.947326575233552
42,correto,P-correto,VP,1,1,0.977039770397704,0.9193672839506173,0.947326575233552
42,correto,P-correto,VP,1,1,0.977039770397704,0.9193672839506173,0.947326575233552
42,correto,P-correto,VP,1,1,0.977039770397704,0.9193672839506173,0.947326575233552
42,correto,P-correto,VP,1,1,0.977039770397704,0.9193672839506173,0.947326575233552
43,correto,P-correto,VP,1,1,0.977039770397704,0.9193672839506173,0.947326575233552
12,incorreto,P-incorreto,VN,0,0,0.977039770397704,0.9193672839506173,0.947326575233552
42,correto,P-correto,VP,1,1,0.977039770397704,0.9193672839506173,0.947326575233552
43,correto,P-correto,VP,1,1,0.977039770397704,0.9193672839506173,0.947326575233552
41,correto,P-correto,VP,1,1,0.977039770397704,0.9193672839506173,0.947326575233552
42,correto,P-incorreto,FP,1,0,0.977039770397704,0.9193672839506173,0.947326575233552
42,correto,P-correto,VP,1,1,0.977039770397704,0.9193672839506173,0.947326575233552
42,correto,P-incorreto,FP,1,0,0.977039770397704,0.9193672839506173,0.947326575233552
35,incorreto,P-incorreto,VN,0,0,0.977039770397704,0.9193672839506173,0.947326575233552
41,correto,P-correto,VP,1,1,0.977039770397704,0.9193672839506173,0.947326575233552
42,correto,P-correto,VP,1,1,0.977039770397704,0.9193672839506173,0.947326575233552
41,correto,P-correto,VP,1,1,0.977039770397704,0.9193672839506173,0.947326575233552
60,incorreto,P-incorreto,VN,0,0,0.977039770397704,0.9193672839506173,0.947326575233552
42,correto,P-correto,VP,1,1,0.977039770397704,0.9193672839506173,0.947326575233552
41,correto,P-incorreto,FP,1,0,0.977039770397704,0.9193672839506173,0.947326575233552
42,correto,P-correto,VP,1,1,0.977039770397704,0.9193672839506173,0.947326575233552
41,correto,P-correto,VP,1,1,0.977039770397704,0.9193672839506173,0.947326575233552
42,correto,P-correto,VP,1,1,0.977039770397704,0.9193672839506173,0.947326575233552
42,correto,P-correto,VP,1,1,0.977039770397704,0.9193672839506173,0.947326575233552
41,correto,P-correto,VP,1,1,0.977039770397704,0.9193672839506173,0.947326575233552
42,correto,P-correto,VP,1,1,0.977039770397704,0.9193672839506173,0.947326575233552
41,correto,P-incorreto,FP,1,0,0.977039770397704,0.9193672839506173,0.947326575233552
43,correto,P-correto,VP,1,1,0.977039770397704,0.9193672839506173,0.947326575233552
42,correto,P-correto,VP,1,1,0.977039770397704,0.9193672839506173,0.947326575233552
41,correto,P-correto,VP,1,1,0.977039770397704,0.9193672839506173,0.947326575233552
42,correto,P-correto,VP,1,1,0.977039770397704,0.9193672839506173,0.947326575233552
40,incorreto,P-incorreto,VN,0,0,0.977039770397704,0.9193672839506173,0.947326575233552
42,correto,P-correto,VP,1,1,0.977039770397704,0.9193672839506173,0.947326575233552
42,correto,P-correto,VP,1,1,0.977039770397704,0.9193672839506173,0.947326575233552
42,correto,P-correto,VP,1,1,0.977039770397704,0.9193672839506173,0.947326575233552
42,correto,P-correto,VP,1,1,0.977039770397704,0.9193672839506173,0.947326575233552
43,correto,P-incorreto,FP,1,0,0.977039770397704,0.9193672839506173,0.947326575233552
42,correto,P-correto,VP,1,1,0.977039770397704,0.9193672839506173,0.947326575233552
42,correto,P-correto,VP,1,1,0.977039770397704,0.9193672839506173,0.947326575233552
42,correto,P-correto,VP,1,1,0.977039770397704,0.9193672839506173,0.947326575233552
41,correto,P-incorreto,FP,1,0,0.977039770397704,0.9193672839506173,0.947326575233552
28,incorreto,P-incorreto,VN,0,0,0.977039770397704,0.9193672839506173,0.947326575233552
43,correto,P-correto,VP,1,1,0.977039770397704,0.9193672839506173,0.947326575233552
41,correto,P-correto,VP,1,1,0.977039770397704,0.9193672839506173,0.947326575233552
42,correto,P-correto,VP,1,1,0.977039770397704,0.9193672839506173,0.947326575233552
42,correto,P-incorreto,FP,1,0,0.977039770397704,0.9193672839506173,0.947326575233552
43,correto,P-correto,VP,1,1,0.977039770397704,0.9193672839506173,0.947326575233552
42,correto,P-correto,VP,1,1,0.977039770397704,0.9193672839506173,0.947326575233552
42,correto,P-correto,VP,1,1,0.977039770397704,0.9193672839506173,0.947326575233552
42,correto,P-correto,VP,1,1,0.977039770397704,0.9193672839506173,0.947326575233552
42,correto,P-correto,VP,1,1,0.977039770397704,0.9193672839506173,0.947326575233552
43,correto,P-correto,VP,1,1,0.977039770397704,0.9193672839506173,0.947326575233552
41,correto,P-correto,VP,1,1,0.977039770397704,0.9193672839506173,0.947326575233552
41,correto,P-correto,VP,1,1,0.977039770397704,0.9193672839506173,0.947326575233552
42,correto,P-correto,VP,1,1,0.977039770397704,0.9193672839506173,0.947326575233552
42,correto,P-correto,VP,1,1,0.977039770397704,0.9193672839506173,0.947326575233552
43,correto,P-correto,VP,1,1,0.977039770397704,0.9193672839506173,0.947326575233552
42,correto,P-correto,VP,1,1,0.977039770397704,0.9193672839506173,0.947326575233552
42,correto,P-correto,VP,1,1,0.977039770397704,0.9193672839506173,0.947326575233552
41,correto,P-correto,VP,1,1,0.977039770397704,0.9193672839506173,0.947326575233552
42,correto,P-incorreto,FP,1,0,0.977039770397704,0.9193672839506173,0.947326575233552
42,correto,P-correto,VP,1,1,0.977039770397704,0.9193672839506173,0.947326575233552
42,correto,P-correto,VP,1,1,0.977039770397704,0.9193672839506173,0.947326575233552
42,correto,P-correto,VP,1,1,0.977039770397704,0.9193672839506173,0.947326575233552
42,correto,P-correto,VP,1,1,0.977039770397704,0.9193672839506173,0.947326575233552
42,correto,P-correto,VP,1,1,0.977039770397704,0.9193672839506173,0.947326575233552
42,correto,P-correto,VP,1,1,0.977039770397704,0.9193672839506173,0.947326575233552
42,correto,P-correto,VP,1,1,0.977039770397704,0.9193672839506173,0.947326575233552
43,correto,P-correto,VP,1,1,0.977039770397704,0.9193672839506173,0.947326575233552
48,incorreto,P-incorreto,VN,0,0,0.977039770397704,0.9193672839506173,0.947326575233552
52,incorreto,P-incorreto,VN,0,0,0.977039770397704,0.9193672839506173,0.947326575233552
42,correto,P-correto,VP,1,1,0.977039770397704,0.9193672839506173,0.947326575233552
42,correto,P-correto,VP,1,1,0.977039770397704,0.9193672839506173,0.947326575233552
42,correto,P-correto,VP,1,1,0.977039770397704,0.9193672839506173,0.947326575233552
42,correto,P-correto,VP,1,1,0.977039770397704,0.9193672839506173,0.947326575233552
42,correto,P-correto,VP,1,1,0.977039770397704,0.9193672839506173,0.947326575233552
50,incorreto,P-incorreto,VN,0,0,0.977039770397704,0.9193672839506173,0.947326575233552
42,correto,P-correto,VP,1,1,0.977039770397704,0.9193672839506173,0.947326575233552
42,correto,P-correto,VP,1,1,0.977039770397704,0.9193672839506173,0.947326575233552
42,correto,P-correto,VP,1,1,0.977039770397704,0.9193672839506173,0.947326575233552
41,correto,P-correto,VP,1,1,0.977039770397704,0.9193672839506173,0.947326575233552
43,correto,P-correto,VP,1,1,0.977039770397704,0.9193672839506173,0.947326575233552
41,correto,P-correto,VP,1,1,0.977039770397704,0.9193672839506173,0.947326575233552
42,correto,P-correto,VP,1,1,0.977039770397704,0.9193672839506173,0.947326575233552
42,correto,P-correto,VP,1,1,0.977039770397704,0.9193672839506173,0.947326575233552
42,correto,P-correto,VP,1,1,0.977039770397704,0.9193672839506173,0.947326575233552
42,correto,P-correto,VP,1,1,0.977039770397704,0.9193672839506173,0.947326575233552
43,correto,P-correto,VP,1,1,0.977039770397704,0.9193672839506173,0.947326575233552
42,correto,P-correto,VP,1,1,0.977039770397704,0.9193672839506173,0.947326575233552
42,correto,P-correto,VP,1,1,0.977039770397704,0.9193672839506173,0.947326575233552
42,correto,P-correto,VP,1,1,0.977039770397704,0.9193672839506173,0.947326575233552
41,correto,P-correto,VP,1,1,0.977039770397704,0.9193672839506173,0.947326575233552
42,correto,P-correto,VP,1,1,0.977039770397704,0.9193672839506173,0.947326575233552
42,correto,P-correto,VP,1,1,0.977039770397704,0.9193672839506173,0.947326575233552
43,correto,P-incorreto,FP,1,0,0.977039770397704,0.9193672839506173,0.947326575233552
42,correto,P-correto,VP,1,1,0.977039770397704,0.9193672839506173,0.947326575233552
42,correto,P-correto,VP,1,1,0.977039770397704,0.9193672839506173,0.947326575233552
43,incorreto,P-correto,FN,0,1,0.977039770397704,0.9193672839506173,0.947326575233552
42,correto,P-correto,VP,1,1,0.977039770397704,0.9193672839506173,0.947326575233552
42,correto,P-correto,VP,1,1,0.977039770397704,0.9193672839506173,0.947326575233552
42,correto,P-correto,VP,1,1,0.977039770397704,0.9193672839506173,0.947326575233552
42,correto,P-correto,VP,1,1,0.977039770397704,0.9193672839506173,0.947326575233552
41,correto,P-correto,VP,1,1,0.977039770397704,0.9193672839506173,0.947326575233552
42,correto,P-correto,VP,1,1,0.977039770397704,0.9193672839506173,0.947326575233552
42,correto,P-correto,VP,1,1,0.977039770397704,0.9193672839506173,0.947326575233552
42,correto,P-correto,VP,1,1,0.977039770397704,0.9193672839506173,0.947326575233552
42,correto,P-correto,VP,1,1,0.977039770397704,0.9193672839506173,0.947326575233552
42,correto,P-correto,VP,1,1,0.977039770397704,0.9193672839506173,0.947326575233552
42,correto,P-correto,VP,1,1,0.977039770397704,0.9193672839506173,0.947326575233552
42,correto,P-correto,VP,1,1,0.977039770397704,0.9193672839506173,0.947326575233552
42,correto,P-correto,VP,1,1,0.977039770397704,0.9193672839506173,0.947326575233552
43,correto,P-correto,VP,1,1,0.977039770397704,0.9193672839506173,0.947326575233552
42,correto,P-correto,VP,1,1,0.977039770397704,0.9193672839506173,0.947326575233552
42,correto,P-correto,VP,1,1,0.977039770397704,0.9193672839506173,0.947326575233552
42,correto,P-correto,VP,1,1,0.977039770397704,0.9193672839506173,0.947326575233552
45,incorreto,P-incorreto,VN,0,0,0.977039770397704,0.9193672839506173,0.947326575233552
42,correto,P-correto,VP,1,1,0.977039770397704,0.9193672839506173,0.947326575233552
42,correto,P-correto,VP,1,1,0.977039770397704,0.9193672839506173,0.947326575233552
42,correto,P-correto,VP,1,1,0.977039770397704,0.9193672839506173,0.947326575233552
42,correto,P-correto,VP,1,1,0.977039770397704,0.9193672839506173,0.947326575233552
42,correto,P-correto,VP,1,1,0.977039770397704,0.9193672839506173,0.947326575233552
43,correto,P-correto,VP,1,1,0.977039770397704,0.9193672839506173,0.947326575233552
42,correto,P-incorreto,FP,1,0,0.977039770397704,0.9193672839506173,0.947326575233552
42,correto,P-correto,VP,1,1,0.977039770397704,0.9193672839506173,0.947326575233552
42,correto,P-incorreto,FP,1,0,0.977039770397704,0.9193672839506173,0.947326575233552
42,correto,P-correto,VP,1,1,0.977039770397704,0.9193672839506173,0.947326575233552
42,correto,P-correto,VP,1,1,0.977039770397704,0.9193672839506173,0.947326575233552
44,incorreto,P-correto,FN,0,1,0.977039770397704,0.9193672839506173,0.947326575233552
36,incorreto,P-incorreto,VN,0,0,0.977039770397704,0.9193672839506173,0.947326575233552
42,correto,P-correto,VP,1,1,0.977039770397704,0.9193672839506173,0.947326575233552
43,correto,P-correto,VP,1,1,0.977039770397704,0.9193672839506173,0.947326575233552
42,correto,P-correto,VP,1,1,0.977039770397704,0.9193672839506173,0.947326575233552
42,correto,P-correto,VP,1,1,0.977039770397704,0.9193672839506173,0.947326575233552
42,correto,P-correto,VP,1,1,0.977039770397704,0.9193672839506173,0.947326575233552
42,correto,P-correto,VP,1,1,0.977039770397704,0.9193672839506173,0.947326575233552
43,correto,P-correto,VP,1,1,0.977039770397704,0.9193672839506173,0.947326575233552
42,correto,P-correto,VP,1,1,0.977039770397704,0.9193672839506173,0.947326575233552
42,correto,P-correto,VP,1,1,0.977039770397704,0.9193672839506173,0.947326575233552
41,correto,P-correto,VP,1,1,0.977039770397704,0.9193672839506173,0.947326575233552
43,correto,P-correto,VP,1,1,0.977039770397704,0.9193672839506173,0.947326575233552
42,correto,P-correto,VP,1,1,0.977039770397704,0.9193672839506173,0.947326575233552
41,correto,P-correto,VP,1,1,0.977039770397704,0.9193672839506173,0.947326575233552
42,correto,P-correto,VP,1,1,0.977039770397704,0.9193672839506173,0.947326575233552
42,correto,P-correto,VP,1,1,0.977039770397704,0.9193672839506173,0.947326575233552
42,correto,P-correto,VP,1,1,0.977039770397704,0.9193672839506173,0.947326575233552
42,correto,P-correto,VP,1,1,0.977039770397704,0.9193672839506173,0.947326575233552
41,correto,P-correto,VP,1,1,0.977039770397704,0.9193672839506173,0.947326575233552
42,correto,P-correto,VP,1,1,0.977039770397704,0.9193672839506173,0.947326575233552
41,correto,P-correto,VP,1,1,0.977039770397704,0.9193672839506173,0.947326575233552
42,correto,P-correto,VP,1,1,0.977039770397704,0.9193672839506173,0.947326575233552
42,correto,P-correto,VP,1,1,0.977039770397704,0.9193672839506173,0.947326575233552
42,correto,P-correto,VP,1,1,0.977039770397704,0.9193672839506173,0.947326575233552
42,correto,P-correto,VP,1,1,0.977039770397704,0.9193672839506173,0.947326575233552
41,correto,P-correto,VP,1,1,0.977039770397704,0.9193672839506173,0.947326575233552
41,correto,P-correto,VP,1,1,0.977039770397704,0.9193672839506173,0.947326575233552
42,correto,P-correto,VP,1,1,0.977039770397704,0.9193672839506173,0.947326575233552
44,incorreto,P-correto,FN,0,1,0.977039770397704,0.9193672839506173,0.947326575233552
42,correto,P-correto,VP,1,1,0.977039770397704,0.9193672839506173,0.947326575233552
42,correto,P-correto,VP,1,1,0.977039770397704,0.9193672839506173,0.947326575233552
42,correto,P-correto,VP,1,1,0.977039770397704,0.9193672839506173,0.947326575233552
41,correto,P-correto,VP,1,1,0.977039770397704,0.9193672839506173,0.947326575233552
42,correto,P-correto,VP,1,1,0.977039770397704,0.9193672839506173,0.947326575233552
42,correto,P-correto,VP,1,1,0.977039770397704,0.9193672839506173,0.947326575233552
42,correto,P-incorreto,FP,1,0,0.977039770397704,0.9193672839506173,0.947326575233552
42,correto,P-correto,VP,1,1,0.977039770397704,0.9193672839506173,0.947326575233552
43,correto,P-correto,VP,1,1,0.977039770397704,0.9193672839506173,0.947326575233552
42,correto,P-correto,VP,1,1,0.977039770397704,0.9193672839506173,0.947326575233552
42,correto,P-correto,VP,1,1,0.977039770397704,0.9193672839506173,0.947326575233552
42,correto,P-correto,VP,1,1,0.977039770397704,0.9193672839506173,0.947326575233552
42,correto,P-correto,VP,1,1,0.977039770397704,0.9193672839506173,0.947326575233552
42,correto,P-correto,VP,1,1,0.977039770397704,0.9193672839506173,0.947326575233552
42,correto,P-correto,VP,1,1,0.977039770397704,0.9193672839506173,0.947326575233552
41,correto,P-correto,VP,1,1,0.977039770397704,0.9193672839506173,0.947326575233552
42,correto,P-correto,VP,1,1,0.977039770397704,0.9193672839506173,0.947326575233552
42,correto,P-correto,VP,1,1,0.977039770397704,0.9193672839506173,0.947326575233552
43,correto,P-correto,VP,1,1,0.977039770397704,0.9193672839506173,0.947326575233552
43,correto,P-correto,VP,1,1,0.977039770397704,0.9193672839506173,0.947326575233552
42,correto,P-correto,VP,1,1,0.977039770397704,0.9193672839506173,0.947326575233552
41,correto,P-correto,VP,1,1,0.977039770397704,0.9193672839506173,0.947326575233552
42,correto,P-correto,VP,1,1,0.977039770397704,0.9193672839506173,0.947326575233552
42,correto,P-correto,VP,1,1,0.977039770397704,0.9193672839506173,0.947326575233552
42,correto,P-correto,VP,1,1,0.977039770397704,0.9193672839506173,0.947326575233552
42,correto,P-correto,VP,1,1,0.977039770397704,0.9193672839506173,0.947326575233552
43,correto,P-correto,VP,1,1,0.977039770397704,0.9193672839506173,0.947326575233552
42,correto,P-incorreto,FP,1,0,0.977039770397704,0.9193672839506173,0.947326575233552
42,correto,P-correto,VP,1,1,0.977039770397704,0.9193672839506173,0.947326575233552
42,correto,P-correto,VP,1,1,0.977039770397704,0.9193672839506173,0.947326575233552
41,correto,P-correto,VP,1,1,0.977039770397704,0.9193672839506173,0.947326575233552
43,correto,P-correto,VP,1,1,0.977039770397704,0.9193672839506173,0.947326575233552
41,correto,P-incorreto,FP,1,0,0.977039770397704,0.9193672839506173,0.947326575233552
42,correto,P-correto,VP,1,1,0.977039770397704,0.9193672839506173,0.947326575233552
42,correto,P-correto,VP,1,1,0.977039770397704,0.9193672839506173,0.947326575233552
42,correto,P-correto,VP,1,1,0.977039770397704,0.9193672839506173,0.947326575233552
42,correto,P-correto,VP,1,1,0.977039770397704,0.9193672839506173,0.947326575233552
42,correto,P-incorreto,FP,1,0,0.977039770397704,0.9193672839506173,0.947326575233552
42,correto,P-correto,VP,1,1,0.977039770397704,0.9193672839506173,0.947326575233552
42,correto,P-correto,VP,1,1,0.977039770397704,0.9193672839506173,0.947326575233552
42,correto,P-correto,VP,1,1,0.977039770397704,0.9193672839506173,0.947326575233552
42,correto,P-correto,VP,1,1,0.977039770397704,0.9193672839506173,0.947326575233552
42,correto,P-correto,VP,1,1,0.977039770397704,0.9193672839506173,0.947326575233552
54,incorreto,P-incorreto,VN,0,0,0.977039770397704,0.9193672839506173,0.947326575233552
42,correto,P-incorreto,FP,1,0,0.977039770397704,0.9193672839506173,0.947326575233552
41,correto,P-correto,VP,1,1,0.977039770397704,0.9193672839506173,0.947326575233552
43,correto,P-correto,VP,1,1,0.977039770397704,0.9193672839506173,0.947326575233552
42,correto,P-correto,VP,1,1,0.977039770397704,0.9193672839506173,0.947326575233552
41,correto,P-correto,VP,1,1,0.977039770397704,0.9193672839506173,0.947326575233552
42,correto,P-correto,VP,1,1,0.977039770397704,0.9193672839506173,0.947326575233552
42,correto,P-correto,VP,1,1,0.977039770397704,0.9193672839506173,0.947326575233552
41,correto,P-correto,VP,1,1,0.977039770397704,0.9193672839506173,0.947326575233552
41,correto,P-correto,VP,1,1,0.977039770397704,0.9193672839506173,0.947326575233552
42,correto,P-correto,VP,1,1,0.977039770397704,0.9193672839506173,0.947326575233552
23,incorreto,P-incorreto,VN,0,0,0.977039770397704,0.9193672839506173,0.947326575233552
42,correto,P-correto,VP,1,1,0.977039770397704,0.9193672839506173,0.947326575233552
53,incorreto,P-incorreto,VN,0,0,0.977039770397704,0.9193672839506173,0.947326575233552
42,correto,P-correto,VP,1,1,0.977039770397704,0.9193672839506173,0.947326575233552
43,correto,P-correto,VP,1,1,0.977039770397704,0.9193672839506173,0.947326575233552
42,correto,P-correto,VP,1,1,0.977039770397704,0.9193672839506173,0.947326575233552
42,correto,P-correto,VP,1,1,0.977039770397704,0.9193672839506173,0.947326575233552
41,correto,P-correto,VP,1,1,0.977039770397704,0.9193672839506173,0.947326575233552
42,correto,P-correto,VP,1,1,0.977039770397704,0.9193672839506173,0.947326575233552
42,correto,P-correto,VP,1,1,0.977039770397704,0.9193672839506173,0.947326575233552
42,correto,P-correto,VP,1,1,0.977039770397704,0.9193672839506173,0.947326575233552
42,correto,P-correto,VP,1,1,0.977039770397704,0.9193672839506173,0.947326575233552
42,correto,P-correto,VP,1,1,0.977039770397704,0.9193672839506173,0.947326575233552
42,correto,P-incorreto,FP,1,0,0.977039770397704,0.9193672839506173,0.947326575233552
43,correto,P-correto,VP,1,1,0.977039770397704,0.9193672839506173,0.947326575233552
42,correto,P-correto,VP,1,1,0.977039770397704,0.9193672839506173,0.947326575233552
40,incorreto,P-correto,FN,0,1,0.977039770397704,0.9193672839506173,0.947326575233552
43,correto,P-correto,VP,1,1,0.977039770397704,0.9193672839506173,0.947326575233552
42,correto,P-correto,VP,1,1,0.977039770397704,0.9193672839506173,0.947326575233552
42,correto,P-incorreto,FP,1,0,0.977039770397704,0.9193672839506173,0.947326575233552
43,correto,P-correto,VP,1,1,0.977039770397704,0.9193672839506173,0.947326575233552
41,correto,P-correto,VP,1,1,0.977039770397704,0.9193672839506173,0.947326575233552
43,correto,P-correto,VP,1,1,0.977039770397704,0.9193672839506173,0.947326575233552
42,correto,P-correto,VP,1,1,0.977039770397704,0.9193672839506173,0.947326575233552
42,correto,P-correto,VP,1,1,0.977039770397704,0.9193672839506173,0.947326575233552
36,incorreto,P-incorreto,VN,0,0,0.977039770397704,0.9193672839506173,0.947326575233552
42,correto,P-correto,VP,1,1,0.977039770397704,0.9193672839506173,0.947326575233552
25,incorreto,P-incorreto,VN,0,0,0.977039770397704,0.9193672839506173,0.947326575233552
43,correto,P-correto,VP,1,1,0.977039770397704,0.9193672839506173,0.947326575233552
42,correto,P-correto,VP,1,1,0.977039770397704,0.9193672839506173,0.947326575233552
41,correto,P-correto,VP,1,1,0.977039770397704,0.9193672839506173,0.947326575233552
42,correto,P-correto,VP,1,1,0.977039770397704,0.9193672839506173,0.947326575233552
42,correto,P-correto,VP,1,1,0.977039770397704,0.9193672839506173,0.947326575233552
42,incorreto,P-correto,FN,0,1,0.977039770397704,0.9193672839506173,0.947326575233552
42,correto,P-correto,VP,1,1,0.977039770397704,0.9193672839506173,0.947326575233552
42,correto,P-correto,VP,1,1,0.977039770397704,0.9193672839506173,0.947326575233552
41,correto,P-correto,VP,1,1,0.977039770397704,0.9193672839506173,0.947326575233552
42,correto,P-correto,VP,1,1,0.977039770397704,0.9193672839506173,0.947326575233552
43,correto,P-correto,VP,1,1,0.977039770397704,0.9193672839506173,0.947326575233552
41,correto,P-correto,VP,1,1,0.977039770397704,0.9193672839506173,0.947326575233552
42,correto,P-correto,VP,1,1,0.977039770397704,0.9193672839506173,0.947326575233552
42,correto,P-correto,VP,1,1,0.977039770397704,0.9193672839506173,0.947326575233552
42,correto,P-correto,VP,1,1,0.977039770397704,0.9193672839506173,0.947326575233552
43,correto,P-correto,VP,1,1,0.977039770397704,0.9193672839506173,0.947326575233552
42,correto,P-correto,VP,1,1,0.977039770397704,0.9193672839506173,0.947326575233552
42,correto,P-correto,VP,1,1,0.977039770397704,0.9193672839506173,0.947326575233552
42,correto,P-correto,VP,1,1,0.977039770397704,0.9193672839506173,0.947326575233552
40,incorreto,P-incorreto,VN,0,0,0.977039770397704,0.9193672839506173,0.947326575233552
27,incorreto,P-incorreto,VN,0,0,0.977039770397704,0.9193672839506173,0.947326575233552
43,incorreto,P-correto,FN,0,1,0.977039770397704,0.9193672839506173,0.947326575233552
43,correto,P-correto,VP,1,1,0.977039770397704,0.9193672839506173,0.947326575233552
42,correto,P-correto,VP,1,1,0.977039770397704,0.9193672839506173,0.947326575233552
43,correto,P-correto,VP,1,1,0.977039770397704,0.9193672839506173,0.947326575233552
43,correto,P-correto,VP,1,1,0.977039770397704,0.9193672839506173,0.947326575233552
41,correto,P-incorreto,FP,1,0,0.977039770397704,0.9193672839506173,0.947326575233552
43,correto,P-correto,VP,1,1,0.977039770397704,0.9193672839506173,0.947326575233552
42,correto,P-correto,VP,1,1,0.977039770397704,0.9193672839506173,0.947326575233552
43,correto,P-correto,VP,1,1,0.977039770397704,0.9193672839506173,0.947326575233552
42,correto,P-correto,VP,1,1,0.977039770397704,0.9193672839506173,0.947326575233552
25,incorreto,P-incorreto,VN,0,0,0.977039770397704,0.9193672839506173,0.947326575233552
42,correto,P-correto,VP,1,1,0.977039770397704,0.9193672839506173,0.947326575233552
42,correto,P-incorreto,FP,1,0,0.977039770397704,0.9193672839506173,0.947326575233552
43,correto,P-correto,VP,1,1,0.977039770397704,0.9193672839506173,0.947326575233552
42,correto,P-correto,VP,1,1,0.977039770397704,0.9193672839506173,0.947326575233552
41,correto,P-incorreto,FP,1,0,0.977039770397704,0.9193672839506173,0.947326575233552
42,correto,P-correto,VP,1,1,0.977039770397704,0.9193672839506173,0.947326575233552
41,correto,P-correto,VP,1,1,0.977039770397704,0.9193672839506173,0.947326575233552
42,correto,P-correto,VP,1,1,0.977039770397704,0.9193672839506173,0.947326575233552
42,correto,P-correto,VP,1,1,0.977039770397704,0.9193672839506173,0.947326575233552
42,correto,P-correto,VP,1,1,0.977039770397704,0.9193672839506173,0.947326575233552
43,correto,P-correto,VP,1,1,0.977039770397704,0.9193672839506173,0.947326575233552
42,correto,P-correto,VP,1,1,0.977039770397704,0.9193672839506173,0.947326575233552
42,correto,P-correto,VP,1,1,0.977039770397704,0.9193672839506173,0.947326575233552
43,correto,P-correto,VP,1,1,0.977039770397704,0.9193672839506173,0.947326575233552
41,correto,P-correto,VP,1,1,0.977039770397704,0.9193672839506173,0.947326575233552
42,correto,P-incorreto,FP,1,0,0.977039770397704,0.9193672839506173,0.947326575233552
42,correto,P-correto,VP,1,1,0.977039770397704,0.9193672839506173,0.947326575233552
43,correto,P-correto,VP,1,1,0.977039770397704,0.9193672839506173,0.947326575233552
43,correto,P-incorreto,FP,1,0,0.977039770397704,0.9193672839506173,0.947326575233552
43,correto,P-correto,VP,1,1,0.977039770397704,0.9193672839506173,0.947326575233552
42,correto,P-correto,VP,1,1,0.977039770397704,0.9193672839506173,0.947326575233552
42,correto,P-correto,VP,1,1,0.977039770397704,0.9193672839506173,0.947326575233552
43,correto,P-correto,VP,1,1,0.977039770397704,0.9193672839506173,0.947326575233552
41,correto,P-correto,VP,1,1,0.977039770397704,0.9193672839506173,0.947326575233552
42,correto,P-correto,VP,1,1,0.977039770397704,0.9193672839506173,0.947326575233552
64,incorreto,P-incorreto,VN,0,0,0.977039770397704,0.9193672839506173,0.947326575233552
43,correto,P-correto,VP,1,1,0.977039770397704,0.9193672839506173,0.947326575233552
42,correto,P-correto,VP,1,1,0.977039770397704,0.9193672839506173,0.947326575233552
30,incorreto,P-incorreto,VN,0,0,0.977039770397704,0.9193672839506173,0.947326575233552
42,correto,P-correto,VP,1,1,0.977039770397704,0.9193672839506173,0.947326575233552
43,correto,P-correto,VP,1,1,0.977039770397704,0.9193672839506173,0.947326575233552
45,incorreto,P-incorreto,VN,0,0,0.977039770397704,0.9193672839506173,0.947326575233552
42,correto,P-correto,VP,1,1,0.977039770397704,0.9193672839506173,0.947326575233552
38,incorreto,P-incorreto,VN,0,0,0.977039770397704,0.9193672839506173,0.947326575233552
42,correto,P-correto,VP,1,1,0.977039770397704,0.9193672839506173,0.947326575233552
43,correto,P-correto,VP,1,1,0.977039770397704,0.9193672839506173,0.947326575233552
42,correto,P-correto,VP,1,1,0.977039770397704,0.9193672839506173,0.947326575233552
42,correto,P-correto,VP,1,1,0.977039770397704,0.9193672839506173,0.947326575233552
42,correto,P-incorreto,FP,1,0,0.977039770397704,0.9193672839506173,0.947326575233552
42,correto,P-correto,VP,1,1,0.977039770397704,0.9193672839506173,0.947326575233552
42,correto,P-correto,VP,1,1,0.977039770397704,0.9193672839506173,0.947326575233552
34,incorreto,P-incorreto,VN,0,0,0.977039770397704,0.9193672839506173,0.947326575233552
42,correto,P-correto,VP,1,1,0.977039770397704,0.9193672839506173,0.947326575233552
41,incorreto,P-correto,FN,0,1,0.977039770397704,0.9193672839506173,0.947326575233552
43,correto,P-correto,VP,1,1,0.977039770397704,0.9193672839506173,0.947326575233552
42,correto,P-correto,VP,1,1,0.977039770397704,0.9193672839506173,0.947326575233552
41,correto,P-correto,VP,1,1,0.977039770397704,0.9193672839506173,0.947326575233552
43,correto,P-incorreto,FP,1,0,0.977039770397704,0.9193672839506173,0.947326575233552
41,correto,P-correto,VP,1,1,0.977039770397704,0.9193672839506173,0.947326575233552
42,correto,P-correto,VP,1,1,0.977039770397704,0.9193672839506173,0.947326575233552
42,correto,P-correto,VP,1,1,0.977039770397704,0.9193672839506173,0.947326575233552
42,correto,P-correto,VP,1,1,0.977039770397704,0.9193672839506173,0.947326575233552
42,correto,P-correto,VP,1,1,0.977039770397704,0.9193672839506173,0.947326575233552
42,correto,P-correto,VP,1,1,0.977039770397704,0.9193672839506173,0.947326575233552
42,correto,P-correto,VP,1,1,0.977039770397704,0.9193672839506173,0.947326575233552
41,correto,P-correto,VP,1,1,0.977039770397704,0.9193672839506173,0.947326575233552
17,incorreto,P-incorreto,VN,0,0,0.977039770397704,0.9193672839506173,0.947326575233552
42,correto,P-incorreto,FP,1,0,0.977039770397704,0.9193672839506173,0.947326575233552
42,correto,P-correto,VP,1,1,0.977039770397704,0.9193672839506173,0.947326575233552
42,correto,P-correto,VP,1,1,0.977039770397704,0.9193672839506173,0.947326575233552
42,correto,P-correto,VP,1,1,0.977039770397704,0.9193672839506173,0.947326575233552
42,correto,P-correto,VP,1,1,0.977039770397704,0.9193672839506173,0.947326575233552
42,correto,P-correto,VP,1,1,0.977039770397704,0.9193672839506173,0.947326575233552
42,correto,P-correto,VP,1,1,0.977039770397704,0.9193672839506173,0.947326575233552
41,correto,P-correto,VP,1,1,0.977039770397704,0.9193672839506173,0.947326575233552
41,correto,P-correto,VP,1,1,0.977039770397704,0.9193672839506173,0.947326575233552
42,correto,P-correto,VP,1,1,0.977039770397704,0.9193672839506173,0.947326575233552
42,correto,P-incorreto,FP,1,0,0.977039770397704,0.9193672839506173,0.947326575233552
40,correto,P-incorreto,FP,1,0,0.977039770397704,0.9193672839506173,0.947326575233552
42,correto,P-correto,VP,1,1,0.977039770397704,0.9193672839506173,0.947326575233552
43,correto,P-correto,VP,1,1,0.977039770397704,0.9193672839506173,0.947326575233552
42,correto,P-correto,VP,1,1,0.977039770397704,0.9193672839506173,0.947326575233552
41,correto,P-correto,VP,1,1,0.977039770397704,0.9193672839506173,0.947326575233552
43,correto,P-correto,VP,1,1,0.977039770397704,0.9193672839506173,0.947326575233552
41,correto,P-correto,VP,1,1,0.977039770397704,0.9193672839506173,0.947326575233552
42,correto,P-correto,VP,1,1,0.977039770397704,0.9193672839506173,0.947326575233552
41,correto,P-correto,VP,1,1,0.977039770397704,0.9193672839506173,0.947326575233552
42,correto,P-correto,VP,1,1,0.977039770397704,0.9193672839506173,0.947326575233552
42,correto,P-correto,VP,1,1,0.977039770397704,0.9193672839506173,0.947326575233552
42,correto,P-correto,VP,1,1,0.977039770397704,0.9193672839506173,0.947326575233552
41,correto,P-correto,VP,1,1,0.977039770397704,0.9193672839506173,0.947326575233552
41,correto,P-correto,VP,1,1,0.977039770397704,0.9193672839506173,0.947326575233552
42,correto,P-correto,VP,1,1,0.977039770397704,0.9193672839506173,0.947326575233552
43,correto,P-correto,VP,1,1,0.977039770397704,0.9193672839506173,0.947326575233552
42,correto,P-correto,VP,1,1,0.977039770397704,0.9193672839506173,0.947326575233552
42,correto,P-correto,VP,1,1,0.977039770397704,0.9193672839506173,0.947326575233552
42,correto,P-correto,VP,1,1,0.977039770397704,0.9193672839506173,0.947326575233552
42,correto,P-correto,VP,1,1,0.977039770397704,0.9193672839506173,0.947326575233552
42,correto,P-correto,VP,1,1,0.977039770397704,0.9193672839506173,0.947326575233552
43,correto,P-incorreto,FP,1,0,0.977039770397704,0.9193672839506173,0.947326575233552
42,correto,P-correto,VP,1,1,0.977039770397704,0.9193672839506173,0.947326575233552
42,correto,P-incorreto,FP,1,0,0.977039770397704,0.9193672839506173,0.947326575233552
42,correto,P-correto,VP,1,1,0.977039770397704,0.9193672839506173,0.947326575233552
42,correto,P-correto,VP,1,1,0.977039770397704,0.9193672839506173,0.947326575233552
43,correto,P-correto,VP,1,1,0.977039770397704,0.9193672839506173,0.947326575233552
34,incorreto,P-incorreto,VN,0,0,0.977039770397704,0.9193672839506173,0.947326575233552
42,correto,P-correto,VP,1,1,0.977039770397704,0.9193672839506173,0.947326575233552
42,correto,P-correto,VP,1,1,0.977039770397704,0.9193672839506173,0.947326575233552
41,correto,P-correto,VP,1,1,0.977039770397704,0.9193672839506173,0.947326575233552
41,correto,P-correto,VP,1,1,0.977039770397704,0.9193672839506173,0.947326575233552
43,correto,P-correto,VP,1,1,0.977039770397704,0.9193672839506173,0.947326575233552
49,incorreto,P-incorreto,VN,0,0,0.977039770397704,0.9193672839506173,0.947326575233552
42,correto,P-correto,VP,1,1,0.977039770397704,0.9193672839506173,0.947326575233552
42,correto,P-correto,VP,1,1,0.977039770397704,0.9193672839506173,0.947326575233552
42,correto,P-correto,VP,1,1,0.977039770397704,0.9193672839506173,0.947326575233552
56,incorreto,P-incorreto,VN,0,0,0.977039770397704,0.9193672839506173,0.947326575233552
42,correto,P-correto,VP,1,1,0.977039770397704,0.9193672839506173,0.947326575233552
42,correto,P-correto,VP,1,1,0.977039770397704,0.9193672839506173,0.947326575233552
42,correto,P-correto,VP,1,1,0.977039770397704,0.9193672839506173,0.947326575233552
42,correto,P-correto,VP,1,1,0.977039770397704,0.9193672839506173,0.947326575233552
42,correto,P-correto,VP,1,1,0.977039770397704,0.9193672839506173,0.947326575233552
41,incorreto,P-correto,FN,0,1,0.977039770397704,0.9193672839506173,0.947326575233552
43,correto,P-correto,VP,1,1,0.977039770397704,0.9193672839506173,0.947326575233552
42,correto,P-correto,VP,1,1,0.977039770397704,0.9193672839506173,0.947326575233552
42,correto,P-correto,VP,1,1,0.977039770397704,0.9193672839506173,0.947326575233552
41,correto,P-correto,VP,1,1,0.977039770397704,0.9193672839506173,0.947326575233552
42,correto,P-correto,VP,1,1,0.977039770397704,0.9193672839506173,0.947326575233552
42,correto,P-correto,VP,1,1,0.977039770397704,0.9193672839506173,0.947326575233552
41,correto,P-correto,VP,1,1,0.977039770397704,0.9193672839506173,0.947326575233552
42,correto,P-correto,VP,1,1,0.977039770397704,0.9193672839506173,0.947326575233552
43,correto,P-correto,VP,1,1,0.977039770397704,0.9193672839506173,0.947326575233552
41,correto,P-correto,VP,1,1,0.977039770397704,0.9193672839506173,0.947326575233552
43,correto,P-correto,VP,1,1,0.977039770397704,0.9193672839506173,0.947326575233552
42,correto,P-incorreto,FP,1,0,0.977039770397704,0.9193672839506173,0.947326575233552
43,correto,P-correto,VP,1,1,0.977039770397704,0.9193672839506173,0.947326575233552
42,correto,P-correto,VP,1,1,0.977039770397704,0.9193672839506173,0.947326575233552
42,correto,P-correto,VP,1,1,0.977039770397704,0.9193672839506173,0.947326575233552
41,correto,P-incorreto,FP,1,0,0.977039770397704,0.9193672839506173,0.947326575233552
41,correto,P-correto,VP,1,1,0.977039770397704,0.9193672839506173,0.947326575233552
42,correto,P-correto,VP,1,1,0.977039770397704,0.9193672839506173,0.947326575233552
41,correto,P-correto,VP,1,1,0.977039770397704,0.9193672839506173,0.947326575233552
42,correto,P-correto,VP,1,1,0.977039770397704,0.9193672839506173,0.947326575233552
42,correto,P-correto,VP,1,1,0.977039770397704,0.9193672839506173,0.947326575233552
41,correto,P-correto,VP,1,1,0.977039770397704,0.9193672839506173,0.947326575233552
41,correto,P-correto,VP,1,1,0.977039770397704,0.9193672839506173,0.947326575233552
42,correto,P-correto,VP,1,1,0.977039770397704,0.9193672839506173,0.947326575233552
42,correto,P-correto,VP,1,1,0.977039770397704,0.9193672839506173,0.947326575233552
43,correto,P-correto,VP,1,1,0.977039770397704,0.9193672839506173,0.947326575233552
42,correto,P-correto,VP,1,1,0.977039770397704,0.9193672839506173,0.947326575233552
42,correto,P-correto,VP,1,1,0.977039770397704,0.9193672839506173,0.947326575233552
42,correto,P-correto,VP,1,1,0.977039770397704,0.9193672839506173,0.947326575233552
41,correto,P-correto,VP,1,1,0.977039770397704,0.9193672839506173,0.947326575233552
42,correto,P-correto,VP,1,1,0.977039770397704,0.9193672839506173,0.947326575233552
44,correto,P-correto,VP,1,1,0.977039770397704,0.9193672839506173,0.947326575233552
42,correto,P-correto,VP,1,1,0.977039770397704,0.9193672839506173,0.947326575233552
42,correto,P-correto,VP,1,1,0.977039770397704,0.9193672839506173,0.947326575233552
42,correto,P-correto,VP,1,1,0.977039770397704,0.9193672839506173,0.947326575233552
42,correto,P-correto,VP,1,1,0.977039770397704,0.9193672839506173,0.947326575233552
42,correto,P-correto,VP,1,1,0.977039770397704,0.9193672839506173,0.947326575233552
41,correto,P-correto,VP,1,1,0.977039770397704,0.9193672839506173,0.947326575233552
42,correto,P-correto,VP,1,1,0.977039770397704,0.9193672839506173,0.947326575233552
42,correto,P-correto,VP,1,1,0.977039770397704,0.9193672839506173,0.947326575233552
42,correto,P-correto,VP,1,1,0.977039770397704,0.9193672839506173,0.947326575233552
42,correto,P-incorreto,FP,1,0,0.977039770397704,0.9193672839506173,0.947326575233552
33,incorreto,P-incorreto,VN,0,0,0.977039770397704,0.9193672839506173,0.947326575233552
43,correto,P-correto,VP,1,1,0.977039770397704,0.9193672839506173,0.947326575233552
42,correto,P-correto,VP,1,1,0.977039770397704,0.9193672839506173,0.947326575233552
42,correto,P-correto,VP,1,1,0.977039770397704,0.9193672839506173,0.947326575233552
39,incorreto,P-incorreto,VN,0,0,0.977039770397704,0.9193672839506173,0.947326575233552
42,correto,P-correto,VP,1,1,0.977039770397704,0.9193672839506173,0.947326575233552
42,correto,P-correto,VP,1,1,0.977039770397704,0.9193672839506173,0.947326575233552
42,correto,P-correto,VP,1,1,0.977039770397704,0.9193672839506173,0.947326575233552
42,correto,P-correto,VP,1,1,0.977039770397704,0.9193672839506173,0.947326575233552
42,correto,P-correto,VP,1,1,0.977039770397704,0.9193672839506173,0.947326575233552
42,correto,P-correto,VP,1,1,0.977039770397704,0.9193672839506173,0.947326575233552
42,correto,P-correto,VP,1,1,0.977039770397704,0.9193672839506173,0.947326575233552
41,correto,P-correto,VP,1,1,0.977039770397704,0.9193672839506173,0.947326575233552
41,correto,P-correto,VP,1,1,0.977039770397704,0.9193672839506173,0.947326575233552
42,correto,P-correto,VP,1,1,0.977039770397704,0.9193672839506173,0.947326575233552
41,correto,P-correto,VP,1,1,0.977039770397704,0.9193672839506173,0.947326575233552
42,correto,P-correto,VP,1,1,0.977039770397704,0.9193672839506173,0.947326575233552
42,correto,P-correto,VP,1,1,0.977039770397704,0.9193672839506173,0.947326575233552
41,correto,P-correto,VP,1,1,0.977039770397704,0.9193672839506173,0.947326575233552
38,incorreto,P-incorreto,VN,0,0,0.977039770397704,0.9193672839506173,0.947326575233552
42,correto,P-correto,VP,1,1,0.977039770397704,0.9193672839506173,0.947326575233552
42,correto,P-correto,VP,1,1,0.977039770397704,0.9193672839506173,0.947326575233552
46,incorreto,P-incorreto,VN,0,0,0.977039770397704,0.9193672839506173,0.947326575233552
43,correto,P-incorreto,FP,1,0,0.977039770397704,0.9193672839506173,0.947326575233552
42,correto,P-correto,VP,1,1,0.977039770397704,0.9193672839506173,0.947326575233552
38,incorreto,P-incorreto,VN,0,0,0.977039770397704,0.9193672839506173,0.947326575233552
42,correto,P-correto,VP,1,1,0.977039770397704,0.9193672839506173,0.947326575233552
43,correto,P-correto,VP,1,1,0.977039770397704,0.9193672839506173,0.947326575233552
43,correto,P-incorreto,FP,1,0,0.977039770397704,0.9193672839506173,0.947326575233552
29,incorreto,P-incorreto,VN,0,0,0.977039770397704,0.9193672839506173,0.947326575233552
42,correto,P-correto,VP,1,1,0.977039770397704,0.9193672839506173,0.947326575233552
43,correto,P-correto,VP,1,1,0.977039770397704,0.9193672839506173,0.947326575233552
42,correto,P-incorreto,FP,1,0,0.977039770397704,0.9193672839506173,0.947326575233552
42,correto,P-correto,VP,1,1,0.977039770397704,0.9193672839506173,0.947326575233552
42,correto,P-correto,VP,1,1,0.977039770397704,0.9193672839506173,0.947326575233552
42,correto,P-correto,VP,1,1,0.977039770397704,0.9193672839506173,0.947326575233552
41,correto,P-correto,VP,1,1,0.977039770397704,0.9193672839506173,0.947326575233552
42,correto,P-correto,VP,1,1,0.977039770397704,0.9193672839506173,0.947326575233552
24,incorreto,P-incorreto,VN,0,0,0.977039770397704,0.9193672839506173,0.947326575233552
42,correto,P-correto,VP,1,1,0.977039770397704,0.9193672839506173,0.947326575233552
42,correto,P-correto,VP,1,1,0.977039770397704,0.9193672839506173,0.947326575233552
42,correto,P-incorreto,FP,1,0,0.977039770397704,0.9193672839506173,0.947326575233552
42,correto,P-correto,VP,1,1,0.977039770397704,0.9193672839506173,0.947326575233552
42,correto,P-correto,VP,1,1,0.977039770397704,0.9193672839506173,0.947326575233552
42,correto,P-correto,VP,1,1,0.977039770397704,0.9193672839506173,0.947326575233552
42,correto,P-correto,VP,1,1,0.977039770397704,0.9193672839506173,0.947326575233552
43,correto,P-correto,VP,1,1,0.977039770397704,0.9193672839506173,0.947326575233552
42,correto,P-correto,VP,1,1,0.977039770397704,0.9193672839506173,0.947326575233552
42,correto,P-correto,VP,1,1,0.977039770397704,0.9193672839506173,0.947326575233552
42,correto,P-correto,VP,1,1,0.977039770397704,0.9193672839506173,0.947326575233552
42,correto,P-correto,VP,1,1,0.977039770397704,0.9193672839506173,0.947326575233552
42,correto,P-correto,VP,1,1,0.977039770397704,0.9193672839506173,0.947326575233552
43,correto,P-correto,VP,1,1,0.977039770397704,0.9193672839506173,0.947326575233552
43,correto,P-correto,VP,1,1,0.977039770397704,0.9193672839506173,0.947326575233552
42,correto,P-correto,VP,1,1,0.977039770397704,0.9193672839506173,0.947326575233552
42,correto,P-correto,VP,1,1,0.977039770397704,0.9193672839506173,0.947326575233552
42,correto,P-correto,VP,1,1,0.977039770397704,0.9193672839506173,0.947326575233552
42,correto,P-correto,VP,1,1,0.977039770397704,0.9193672839506173,0.947326575233552
42,correto,P-correto,VP,1,1,0.977039770397704,0.9193672839506173,0.947326575233552
42,correto,P-correto,VP,1,1,0.977039770397704,0.9193672839506173,0.947326575233552
39,incorreto,P-incorreto,VN,0,0,0.977039770397704,0.9193672839506173,0.947326575233552
42,correto,P-incorreto,FP,1,0,0.977039770397704,0.9193672839506173,0.947326575233552
41,correto,P-correto,VP,1,1,0.977039770397704,0.9193672839506173,0.947326575233552
40,incorreto,P-correto,FN,0,1,0.977039770397704,0.9193672839506173,0.947326575233552
41,correto,P-correto,VP,1,1,0.977039770397704,0.9193672839506173,0.947326575233552
41,correto,P-correto,VP,1,1,0.977039770397704,0.9193672839506173,0.947326575233552
41,correto,P-correto,VP,1,1,0.977039770397704,0.9193672839506173,0.947326575233552
42,correto,P-correto,VP,1,1,0.977039770397704,0.9193672839506173,0.947326575233552
41,incorreto,P-correto,FN,0,1,0.977039770397704,0.9193672839506173,0.947326575233552
42,correto,P-correto,VP,1,1,0.977039770397704,0.9193672839506173,0.947326575233552
43,correto,P-correto,VP,1,1,0.977039770397704,0.9193672839506173,0.947326575233552
42,correto,P-correto,VP,1,1,0.977039770397704,0.9193672839506173,0.947326575233552
42,correto,P-correto,VP,1,1,0.977039770397704,0.9193672839506173,0.947326575233552
42,correto,P-correto,VP,1,1,0.977039770397704,0.9193672839506173,0.947326575233552
42,correto,P-incorreto,FP,1,0,0.977039770397704,0.9193672839506173,0.947326575233552
42,correto,P-incorreto,FP,1,0,0.977039770397704,0.9193672839506173,0.947326575233552
42,correto,P-correto,VP,1,1,0.977039770397704,0.9193672839506173,0.947326575233552
43,correto,P-correto,VP,1,1,0.977039770397704,0.9193672839506173,0.947326575233552
43,correto,P-correto,VP,1,1,0.977039770397704,0.9193672839506173,0.947326575233552
42,correto,P-correto,VP,1,1,0.977039770397704,0.9193672839506173,0.947326575233552
41,correto,P-correto,VP,1,1,0.977039770397704,0.9193672839506173,0.947326575233552
42,correto,P-correto,VP,1,1,0.977039770397704,0.9193672839506173,0.947326575233552
42,correto,P-correto,VP,1,1,0.977039770397704,0.9193672839506173,0.947326575233552
43,correto,P-correto,VP,1,1,0.977039770397704,0.9193672839506173,0.947326575233552
42,correto,P-correto,VP,1,1,0.977039770397704,0.9193672839506173,0.947326575233552
42,correto,P-correto,VP,1,1,0.977039770397704,0.9193672839506173,0.947326575233552
34,incorreto,P-incorreto,VN,0,0,0.977039770397704,0.9193672839506173,0.947326575233552
42,correto,P-correto,VP,1,1,0.977039770397704,0.9193672839506173,0.947326575233552
42,correto,P-correto,VP,1,1,0.977039770397704,0.9193672839506173,0.947326575233552
42,correto,P-correto,VP,1,1,0.977039770397704,0.9193672839506173,0.947326575233552
43,correto,P-correto,VP,1,1,0.977039770397704,0.9193672839506173,0.947326575233552
42,correto,P-correto,VP,1,1,0.977039770397704,0.9193672839506173,0.947326575233552
41,correto,P-correto,VP,1,1,0.977039770397704,0.9193672839506173,0.947326575233552
41,incorreto,P-correto,FN,0,1,0.977039770397704,0.9193672839506173,0.947326575233552
42,correto,P-correto,VP,1,1,0.977039770397704,0.9193672839506173,0.947326575233552
42,correto,P-correto,VP,1,1,0.977039770397704,0.9193672839506173,0.947326575233552
41,correto,P-incorreto,FP,1,0,0.977039770397704,0.9193672839506173,0.947326575233552
43,correto,P-correto,VP,1,1,0.977039770397704,0.9193672839506173,0.947326575233552
43,correto,P-correto,VP,1,1,0.977039770397704,0.9193672839506173,0.947326575233552
43,correto,P-incorreto,FP,1,0,0.977039770397704,0.9193672839506173,0.947326575233552
41,correto,P-correto,VP,1,1,0.977039770397704,0.9193672839506173,0.947326575233552
41,correto,P-correto,VP,1,1,0.977039770397704,0.9193672839506173,0.947326575233552
42,correto,P-incorreto,FP,1,0,0.977039770397704,0.9193672839506173,0.947326575233552
42,correto,P-correto,VP,1,1,0.977039770397704,0.9193672839506173,0.947326575233552
42,correto,P-correto,VP,1,1,0.977039770397704,0.9193672839506173,0.947326575233552
42,correto,P-correto,VP,1,1,0.977039770397704,0.9193672839506173,0.947326575233552
42,correto,P-correto,VP,1,1,0.977039770397704,0.9193672839506173,0.947326575233552
42,correto,P-correto,VP,1,1,0.977039770397704,0.9193672839506173,0.947326575233552
43,correto,P-correto,VP,1,1,0.977039770397704,0.9193672839506173,0.947326575233552
42,correto,P-correto,VP,1,1,0.977039770397704,0.9193672839506173,0.947326575233552
43,correto,P-correto,VP,1,1,0.977039770397704,0.9193672839506173,0.947326575233552
41,correto,P-correto,VP,1,1,0.977039770397704,0.9193672839506173,0.947326575233552
41,correto,P-correto,VP,1,1,0.977039770397704,0.9193672839506173,0.947326575233552
42,correto,P-correto,VP,1,1,0.977039770397704,0.9193672839506173,0.947326575233552
42,correto,P-correto,VP,1,1,0.977039770397704,0.9193672839506173,0.947326575233552
42,correto,P-correto,VP,1,1,0.977039770397704,0.9193672839506173,0.947326575233552
42,correto,P-incorreto,FP,1,0,0.977039770397704,0.9193672839506173,0.947326575233552
42,correto,P-correto,VP,1,1,0.977039770397704,0.9193672839506173,0.947326575233552
42,correto,P-correto,VP,1,1,0.977039770397704,0.9193672839506173,0.947326575233552
42,correto,P-correto,VP,1,1,0.977039770397704,0.9193672839506173,0.947326575233552
57,incorreto,P-incorreto,VN,0,0,0.977039770397704,0.9193672839506173,0.947326575233552
42,correto,P-correto,VP,1,1,0.977039770397704,0.9193672839506173,0.947326575233552
42,correto,P-correto,VP,1,1,0.977039770397704,0.9193672839506173,0.947326575233552
42,correto,P-correto,VP,1,1,0.977039770397704,0.9193672839506173,0.947326575233552
42,correto,P-correto,VP,1,1,0.977039770397704,0.9193672839506173,0.947326575233552
42,correto,P-correto,VP,1,1,0.977039770397704,0.9193672839506173,0.947326575233552
42,correto,P-correto,VP,1,1,0.977039770397704,0.9193672839506173,0.947326575233552
43,correto,P-correto,VP,1,1,0.977039770397704,0.9193672839506173,0.947326575233552
42,correto,P-correto,VP,1,1,0.977039770397704,0.9193672839506173,0.947326575233552
41,correto,P-correto,VP,1,1,0.977039770397704,0.9193672839506173,0.947326575233552
42,correto,P-correto,VP,1,1,0.977039770397704,0.9193672839506173,0.947326575233552
43,correto,P-correto,VP,1,1,0.977039770397704,0.9193672839506173,0.947326575233552
43,correto,P-correto,VP,1,1,0.977039770397704,0.9193672839506173,0.947326575233552
43,correto,P-correto,VP,1,1,0.977039770397704,0.9193672839506173,0.947326575233552
43,correto,P-correto,VP,1,1,0.977039770397704,0.9193672839506173,0.947326575233552
42,correto,P-correto,VP,1,1,0.977039770397704,0.9193672839506173,0.947326575233552
43,correto,P-incorreto,FP,1,0,0.977039770397704,0.9193672839506173,0.947326575233552
42,correto,P-correto,VP,1,1,0.977039770397704,0.9193672839506173,0.947326575233552
42,correto,P-correto,VP,1,1,0.977039770397704,0.9193672839506173,0.947326575233552
43,correto,P-incorreto,FP,1,0,0.977039770397704,0.9193672839506173,0.947326575233552
41,correto,P-correto,VP,1,1,0.977039770397704,0.9193672839506173,0.947326575233552
41,correto,P-correto,VP,1,1,0.977039770397704,0.9193672839506173,0.947326575233552
41,correto,P-correto,VP,1,1,0.977039770397704,0.9193672839506173,0.947326575233552
41,correto,P-incorreto,FP,1,0,0.977039770397704,0.9193672839506173,0.947326575233552
42,correto,P-correto,VP,1,1,0.977039770397704,0.9193672839506173,0.947326575233552
42,correto,P-correto,VP,1,1,0.977039770397704,0.9193672839506173,0.947326575233552
42,correto,P-correto,VP,1,1,0.977039770397704,0.9193672839506173,0.947326575233552
42,correto,P-correto,VP,1,1,0.977039770397704,0.9193672839506173,0.947326575233552
42,correto,P-correto,VP,1,1,0.977039770397704,0.9193672839506173,0.947326575233552
42,correto,P-correto,VP,1,1,0.977039770397704,0.9193672839506173,0.947326575233552
42,correto,P-correto,VP,1,1,0.977039770397704,0.9193672839506173,0.947326575233552
42,correto,P-correto,VP,1,1,0.977039770397704,0.9193672839506173,0.947326575233552
42,correto,P-correto,VP,1,1,0.977039770397704,0.9193672839506173,0.947326575233552
42,correto,P-incorreto,FP,1,0,0.977039770397704,0.9193672839506173,0.947326575233552
41,correto,P-correto,VP,1,1,0.977039770397704,0.9193672839506173,0.947326575233552
42,correto,P-correto,VP,1,1,0.977039770397704,0.9193672839506173,0.947326575233552
41,correto,P-correto,VP,1,1,0.977039770397704,0.9193672839506173,0.947326575233552
42,correto,P-correto,VP,1,1,0.977039770397704,0.9193672839506173,0.947326575233552
41,correto,P-correto,VP,1,1,0.977039770397704,0.9193672839506173,0.947326575233552
42,correto,P-correto,VP,1,1,0.977039770397704,0.9193672839506173,0.947326575233552
42,correto,P-correto,VP,1,1,0.977039770397704,0.9193672839506173,0.947326575233552
42,correto,P-correto,VP,1,1,0.977039770397704,0.9193672839506173,0.947326575233552
43,correto,P-correto,VP,1,1,0.977039770397704,0.9193672839506173,0.947326575233552
42,correto,P-correto,VP,1,1,0.977039770397704,0.9193672839506173,0.947326575233552
42,correto,P-correto,VP,1,1,0.977039770397704,0.9193672839506173,0.947326575233552
42,correto,P-incorreto,FP,1,0,0.977039770397704,0.9193672839506173,0.947326575233552
43,correto,P-correto,VP,1,1,0.977039770397704,0.9193672839506173,0.947326575233552
41,correto,P-correto,VP,1,1,0.977039770397704,0.9193672839506173,0.947326575233552
42,correto,P-correto,VP,1,1,0.977039770397704,0.9193672839506173,0.947326575233552
42,correto,P-correto,VP,1,1,0.977039770397704,0.9193672839506173,0.947326575233552
42,correto,P-correto,VP,1,1,0.977039770397704,0.9193672839506173,0.947326575233552
42,correto,P-correto,VP,1,1,0.977039770397704,0.9193672839506173,0.947326575233552
42,correto,P-correto,VP,1,1,0.977039770397704,0.9193672839506173,0.947326575233552
42,correto,P-correto,VP,1,1,0.977039770397704,0.9193672839506173,0.947326575233552
43,correto,P-correto,VP,1,1,0.977039770397704,0.9193672839506173,0.947326575233552
42,correto,P-correto,VP,1,1,0.977039770397704,0.9193672839506173,0.947326575233552
42,correto,P-correto,VP,1,1,0.977039770397704,0.9193672839506173,0.947326575233552
41,correto,P-correto,VP,1,1,0.977039770397704,0.9193672839506173,0.947326575233552
41,incorreto,P-correto,FN,0,1,0.977039770397704,0.9193672839506173,0.947326575233552
42,correto,P-correto,VP,1,1,0.977039770397704,0.9193672839506173,0.947326575233552
41,correto,P-correto,VP,1,1,0.977039770397704,0.9193672839506173,0.947326575233552
42,correto,P-correto,VP,1,1,0.977039770397704,0.9193672839506173,0.947326575233552
42,correto,P-correto,VP,1,1,0.977039770397704,0.9193672839506173,0.947326575233552
41,correto,P-correto,VP,1,1,0.977039770397704,0.9193672839506173,0.947326575233552
46,incorreto,P-incorreto,VN,0,0,0.977039770397704,0.9193672839506173,0.947326575233552
42,correto,P-correto,VP,1,1,0.977039770397704,0.9193672839506173,0.947326575233552
43,correto,P-correto,VP,1,1,0.977039770397704,0.9193672839506173,0.947326575233552
42,correto,P-correto,VP,1,1,0.977039770397704,0.9193672839506173,0.947326575233552
30,incorreto,P-incorreto,VN,0,0,0.977039770397704,0.9193672839506173,0.947326575233552
42,correto,P-correto,VP,1,1,0.977039770397704,0.9193672839506173,0.947326575233552
42,correto,P-correto,VP,1,1,0.977039770397704,0.9193672839506173,0.947326575233552
42,correto,P-correto,VP,1,1,0.977039770397704,0.9193672839506173,0.947326575233552
41,correto,P-correto,VP,1,1,0.977039770397704,0.9193672839506173,0.947326575233552
42,correto,P-correto,VP,1,1,0.977039770397704,0.9193672839506173,0.947326575233552
43,correto,P-correto,VP,1,1,0.977039770397704,0.9193672839506173,0.947326575233552
33,incorreto,P-incorreto,VN,0,0,0.977039770397704,0.9193672839506173,0.947326575233552
42,correto,P-correto,VP,1,1,0.977039770397704,0.9193672839506173,0.947326575233552
42,correto,P-correto,VP,1,1,0.977039770397704,0.9193672839506173,0.947326575233552
42,correto,P-correto,VP,1,1,0.977039770397704,0.9193672839506173,0.947326575233552
27,incorreto,P-incorreto,VN,0,0,0.977039770397704,0.9193672839506173,0.947326575233552
42,correto,P-correto,VP,1,1,0.977039770397704,0.9193672839506173,0.947326575233552
42,correto,P-correto,VP,1,1,0.977039770397704,0.9193672839506173,0.947326575233552
41,correto,P-correto,VP,1,1,0.977039770397704,0.9193672839506173,0.947326575233552
42,correto,P-correto,VP,1,1,0.977039770397704,0.9193672839506173,0.947326575233552
42,correto,P-correto,VP,1,1,0.977039770397704,0.9193672839506173,0.947326575233552
42,correto,P-correto,VP,1,1,0.977039770397704,0.9193672839506173,0.947326575233552
42,correto,P-correto,VP,1,1,0.977039770397704,0.9193672839506173,0.947326575233552
42,correto,P-correto,VP,1,1,0.977039770397704,0.9193672839506173,0.947326575233552
42,correto,P-correto,VP,1,1,0.977039770397704,0.9193672839506173,0.947326575233552
42,correto,P-incorreto,FP,1,0,0.977039770397704,0.9193672839506173,0.947326575233552
42,correto,P-correto,VP,1,1,0.977039770397704,0.9193672839506173,0.947326575233552
42,correto,P-correto,VP,1,1,0.977039770397704,0.9193672839506173,0.947326575233552
42,correto,P-correto,VP,1,1,0.977039770397704,0.9193672839506173,0.947326575233552
42,correto,P-correto,VP,1,1,0.977039770397704,0.9193672839506173,0.947326575233552
42,correto,P-correto,VP,1,1,0.977039770397704,0.9193672839506173,0.947326575233552
42,correto,P-correto,VP,1,1,0.977039770397704,0.9193672839506173,0.947326575233552
42,correto,P-correto,VP,1,1,0.977039770397704,0.9193672839506173,0.947326575233552
42,correto,P-correto,VP,1,1,0.977039770397704,0.9193672839506173,0.947326575233552
42,correto,P-correto,VP,1,1,0.977039770397704,0.9193672839506173,0.947326575233552
42,correto,P-correto,VP,1,1,0.977039770397704,0.9193672839506173,0.947326575233552
41,correto,P-correto,VP,1,1,0.977039770397704,0.9193672839506173,0.947326575233552
43,correto,P-correto,VP,1,1,0.977039770397704,0.9193672839506173,0.947326575233552
42,correto,P-correto,VP,1,1,0.977039770397704,0.9193672839506173,0.947326575233552
59,incorreto,P-incorreto,VN,0,0,0.977039770397704,0.9193672839506173,0.947326575233552
43,correto,P-correto,VP,1,1,0.977039770397704,0.9193672839506173,0.947326575233552
42,correto,P-correto,VP,1,1,0.977039770397704,0.9193672839506173,0.947326575233552
42,correto,P-correto,VP,1,1,0.977039770397704,0.9193672839506173,0.947326575233552
43,correto,P-correto,VP,1,1,0.977039770397704,0.9193672839506173,0.947326575233552
43,correto,P-incorreto,FP,1,0,0.977039770397704,0.9193672839506173,0.947326575233552
42,correto,P-correto,VP,1,1,0.977039770397704,0.9193672839506173,0.947326575233552
42,correto,P-correto,VP,1,1,0.977039770397704,0.9193672839506173,0.947326575233552
42,correto,P-correto,VP,1,1,0.977039770397704,0.9193672839506173,0.947326575233552
43,correto,P-correto,VP,1,1,0.977039770397704,0.9193672839506173,0.947326575233552
42,correto,P-correto,VP,1,1,0.977039770397704,0.9193672839506173,0.947326575233552
43,correto,P-correto,VP,1,1,0.977039770397704,0.9193672839506173,0.947326575233552
31,incorreto,P-incorreto,VN,0,0,0.977039770397704,0.9193672839506173,0.947326575233552
42,correto,P-correto,VP,1,1,0.977039770397704,0.9193672839506173,0.947326575233552
43,correto,P-correto,VP,1,1,0.977039770397704,0.9193672839506173,0.947326575233552
43,correto,P-correto,VP,1,1,0.977039770397704,0.9193672839506173,0.947326575233552
43,correto,P-correto,VP,1,1,0.977039770397704,0.9193672839506173,0.947326575233552
42,correto,P-correto,VP,1,1,0.977039770397704,0.9193672839506173,0.947326575233552
42,correto,P-correto,VP,1,1,0.977039770397704,0.9193672839506173,0.947326575233552
43,correto,P-correto,VP,1,1,0.977039770397704,0.9193672839506173,0.947326575233552
42,correto,P-correto,VP,1,1,0.977039770397704,0.9193672839506173,0.947326575233552
42,correto,P-correto,VP,1,1,0.977039770397704,0.9193672839506173,0.947326575233552
42,correto,P-correto,VP,1,1,0.977039770397704,0.9193672839506173,0.947326575233552
43,correto,P-correto,VP,1,1,0.977039770397704,0.9193672839506173,0.947326575233552
42,correto,P-correto,VP,1,1,0.977039770397704,0.9193672839506173,0.947326575233552
41,correto,P-correto,VP,1,1,0.977039770397704,0.9193672839506173,0.947326575233552
42,correto,P-correto,VP,1,1,0.977039770397704,0.9193672839506173,0.947326575233552
42,correto,P-correto,VP,1,1,0.977039770397704,0.9193672839506173,0.947326575233552
42,correto,P-correto,VP,1,1,0.977039770397704,0.9193672839506173,0.947326575233552
42,correto,P-correto,VP,1,1,0.977039770397704,0.9193672839506173,0.947326575233552
42,correto,P-correto,VP,1,1,0.977039770397704,0.9193672839506173,0.947326575233552
42,correto,P-correto,VP,1,1,0.977039770397704,0.9193672839506173,0.947326575233552
39,incorreto,P-incorreto,VN,0,0,0.977039770397704,0.9193672839506173,0.947326575233552
43,correto,P-correto,VP,1,1,0.977039770397704,0.9193672839506173,0.947326575233552
41,correto,P-correto,VP,1,1,0.977039770397704,0.9193672839506173,0.947326575233552
41,correto,P-correto,VP,1,1,0.977039770397704,0.9193672839506173,0.947326575233552
42,correto,P-correto,VP,1,1,0.977039770397704,0.9193672839506173,0.947326575233552
41,correto,P-correto,VP,1,1,0.977039770397704,0.9193672839506173,0.947326575233552
50,incorreto,P-incorreto,VN,0,0,0.977039770397704,0.9193672839506173,0.947326575233552
43,correto,P-correto,VP,1,1,0.977039770397704,0.9193672839506173,0.947326575233552
41,correto,P-correto,VP,1,1,0.977039770397704,0.9193672839506173,0.947326575233552
42,correto,P-incorreto,FP,1,0,0.977039770397704,0.9193672839506173,0.947326575233552
42,correto,P-correto,VP,1,1,0.977039770397704,0.9193672839506173,0.947326575233552
42,correto,P-correto,VP,1,1,0.977039770397704,0.9193672839506173,0.947326575233552
43,correto,P-correto,VP,1,1,0.977039770397704,0.9193672839506173,0.947326575233552
42,correto,P-correto,VP,1,1,0.977039770397704,0.9193672839506173,0.947326575233552
42,correto,P-correto,VP,1,1,0.977039770397704,0.9193672839506173,0.947326575233552
42,correto,P-incorreto,FP,1,0,0.977039770397704,0.9193672839506173,0.947326575233552
42,correto,P-correto,VP,1,1,0.977039770397704,0.9193672839506173,0.947326575233552
43,correto,P-correto,VP,1,1,0.977039770397704,0.9193672839506173,0.947326575233552
42,correto,P-correto,VP,1,1,0.977039770397704,0.9193672839506173,0.947326575233552
42,correto,P-incorreto,FP,1,0,0.977039770397704,0.9193672839506173,0.947326575233552
42,correto,P-correto,VP,1,1,0.977039770397704,0.9193672839506173,0.947326575233552
42,correto,P-correto,VP,1,1,0.977039770397704,0.9193672839506173,0.947326575233552
42,correto,P-correto,VP,1,1,0.977039770397704,0.9193672839506173,0.947326575233552
41,correto,P-correto,VP,1,1,0.977039770397704,0.9193672839506173,0.947326575233552
42,correto,P-correto,VP,1,1,0.977039770397704,0.9193672839506173,0.947326575233552
41,correto,P-correto,VP,1,1,0.977039770397704,0.9193672839506173,0.947326575233552
42,correto,P-correto,VP,1,1,0.977039770397704,0.9193672839506173,0.947326575233552
42,correto,P-correto,VP,1,1,0.977039770397704,0.9193672839506173,0.947326575233552
42,correto,P-correto,VP,1,1,0.977039770397704,0.9193672839506173,0.947326575233552
42,correto,P-correto,VP,1,1,0.977039770397704,0.9193672839506173,0.947326575233552
41,correto,P-correto,VP,1,1,0.977039770397704,0.9193672839506173,0.947326575233552
41,correto,P-correto,VP,1,1,0.977039770397704,0.9193672839506173,0.947326575233552
43,correto,P-correto,VP,1,1,0.977039770397704,0.9193672839506173,0.947326575233552
35,incorreto,P-incorreto,VN,0,0,0.977039770397704,0.9193672839506173,0.947326575233552
42,correto,P-correto,VP,1,1,0.977039770397704,0.9193672839506173,0.947326575233552
42,correto,P-correto,VP,1,1,0.977039770397704,0.9193672839506173,0.947326575233552
41,correto,P-correto,VP,1,1,0.977039770397704,0.9193672839506173,0.947326575233552
38,incorreto,P-incorreto,VN,0,0,0.977039770397704,0.9193672839506173,0.947326575233552
43,correto,P-correto,VP,1,1,0.977039770397704,0.9193672839506173,0.947326575233552
41,correto,P-correto,VP,1,1,0.977039770397704,0.9193672839506173,0.947326575233552
43,correto,P-correto,VP,1,1,0.977039770397704,0.9193672839506173,0.947326575233552
42,correto,P-correto,VP,1,1,0.977039770397704,0.9193672839506173,0.947326575233552
42,correto,P-correto,VP,1,1,0.977039770397704,0.9193672839506173,0.947326575233552
42,incorreto,P-correto,FN,0,1,0.977039770397704,0.9193672839506173,0.947326575233552
41,correto,P-correto,VP,1,1,0.977039770397704,0.9193672839506173,0.947326575233552
46,incorreto,P-incorreto,VN,0,0,0.977039770397704,0.9193672839506173,0.947326575233552
41,correto,P-correto,VP,1,1,0.977039770397704,0.9193672839506173,0.947326575233552
54,incorreto,P-incorreto,VN,0,0,0.977039770397704,0.9193672839506173,0.947326575233552
42,correto,P-correto,VP,1,1,0.977039770397704,0.9193672839506173,0.947326575233552
41,correto,P-correto,VP,1,1,0.977039770397704,0.9193672839506173,0.947326575233552
42,correto,P-correto,VP,1,1,0.977039770397704,0.9193672839506173,0.947326575233552
42,correto,P-correto,VP,1,1,0.977039770397704,0.9193672839506173,0.947326575233552
37,incorreto,P-incorreto,VN,0,0,0.977039770397704,0.9193672839506173,0.947326575233552
42,correto,P-correto,VP,1,1,0.977039770397704,0.9193672839506173,0.947326575233552
43,correto,P-correto,VP,1,1,0.977039770397704,0.9193672839506173,0.947326575233552
41,correto,P-correto,VP,1,1,0.977039770397704,0.9193672839506173,0.947326575233552
42,correto,P-correto,VP,1,1,0.977039770397704,0.9193672839506173,0.947326575233552
42,correto,P-correto,VP,1,1,0.977039770397704,0.9193672839506173,0.947326575233552
42,correto,P-correto,VP,1,1,0.977039770397704,0.9193672839506173,0.947326575233552
41,correto,P-correto,VP,1,1,0.977039770397704,0.9193672839506173,0.947326575233552
42,correto,P-correto,VP,1,1,0.977039770397704,0.9193672839506173,0.947326575233552
42,correto,P-correto,VP,1,1,0.977039770397704,0.9193672839506173,0.947326575233552
42,correto,P-correto,VP,1,1,0.977039770397704,0.9193672839506173,0.947326575233552
43,correto,P-correto,VP,1,1,0.977039770397704,0.9193672839506173,0.947326575233552
42,correto,P-correto,VP,1,1,0.977039770397704,0.9193672839506173,0.947326575233552
42,correto,P-correto,VP,1,1,0.977039770397704,0.9193672839506173,0.947326575233552
42,correto,P-correto,VP,1,1,0.977039770397704,0.9193672839506173,0.947326575233552
43,correto,P-correto,VP,1,1,0.977039770397704,0.9193672839506173,0.947326575233552
42,correto,P-incorreto,FP,1,0,0.977039770397704,0.9193672839506173,0.947326575233552
42,correto,P-correto,VP,1,1,0.977039770397704,0.9193672839506173,0.947326575233552
42,correto,P-correto,VP,1,1,0.977039770397704,0.9193672839506173,0.947326575233552
41,correto,P-correto,VP,1,1,0.977039770397704,0.9193672839506173,0.947326575233552
43,correto,P-correto,VP,1,1,0.977039770397704,0.9193672839506173,0.947326575233552
42,correto,P-correto,VP,1,1,0.977039770397704,0.9193672839506173,0.947326575233552
42,correto,P-incorreto,FP,1,0,0.977039770397704,0.9193672839506173,0.947326575233552
42,correto,P-correto,VP,1,1,0.977039770397704,0.9193672839506173,0.947326575233552
23,incorreto,P-incorreto,VN,0,0,0.977039770397704,0.9193672839506173,0.947326575233552
45,incorreto,P-incorreto,VN,0,0,0.977039770397704,0.9193672839506173,0.947326575233552
42,correto,P-correto,VP,1,1,0.977039770397704,0.9193672839506173,0.947326575233552
42,correto,P-correto,VP,1,1,0.977039770397704,0.9193672839506173,0.947326575233552
42,correto,P-correto,VP,1,1,0.977039770397704,0.9193672839506173,0.947326575233552
41,correto,P-correto,VP,1,1,0.977039770397704,0.9193672839506173,0.947326575233552
42,correto,P-correto,VP,1,1,0.977039770397704,0.9193672839506173,0.947326575233552
42,correto,P-correto,VP,1,1,0.977039770397704,0.9193672839506173,0.947326575233552
42,correto,P-correto,VP,1,1,0.977039770397704,0.9193672839506173,0.947326575233552
39,incorreto,P-incorreto,VN,0,0,0.977039770397704,0.9193672839506173,0.947326575233552
43,correto,P-correto,VP,1,1,0.977039770397704,0.9193672839506173,0.947326575233552
50,incorreto,P-incorreto,VN,0,0,0.977039770397704,0.9193672839506173,0.947326575233552
42,correto,P-correto,VP,1,1,0.977039770397704,0.9193672839506173,0.947326575233552
42,correto,P-correto,VP,1,1,0.977039770397704,0.9193672839506173,0.947326575233552
41,correto,P-correto,VP,1,1,0.977039770397704,0.9193672839506173,0.947326575233552
41,correto,P-correto,VP,1,1,0.977039770397704,0.9193672839506173,0.947326575233552
42,correto,P-correto,VP,1,1,0.977039770397704,0.9193672839506173,0.947326575233552
41,correto,P-correto,VP,1,1,0.977039770397704,0.9193672839506173,0.947326575233552
42,correto,P-correto,VP,1,1,0.977039770397704,0.9193672839506173,0.947326575233552
43,correto,P-correto,VP,1,1,0.977039770397704,0.9193672839506173,0.947326575233552
42,correto,P-correto,VP,1,1,0.977039770397704,0.9193672839506173,0.947326575233552
42,correto,P-correto,VP,1,1,0.977039770397704,0.9193672839506173,0.947326575233552
42,incorreto,P-correto,FN,0,1,0.977039770397704,0.9193672839506173,0.947326575233552
42,correto,P-correto,VP,1,1,0.977039770397704,0.9193672839506173,0.947326575233552
41,correto,P-correto,VP,1,1,0.977039770397704,0.9193672839506173,0.947326575233552
41,correto,P-correto,VP,1,1,0.977039770397704,0.9193672839506173,0.947326575233552
42,correto,P-correto,VP,1,1,0.977039770397704,0.9193672839506173,0.947326575233552
42,correto,P-incorreto,FP,1,0,0.977039770397704,0.9193672839506173,0.947326575233552
41,correto,P-incorreto,FP,1,0,0.977039770397704,0.9193672839506173,0.947326575233552
58,incorreto,P-incorreto,VN,0,0,0.977039770397704,0.9193672839506173,0.947326575233552
42,correto,P-correto,VP,1,1,0.977039770397704,0.9193672839506173,0.947326575233552
43,correto,P-correto,VP,1,1,0.977039770397704,0.9193672839506173,0.947326575233552
41,correto,P-correto,VP,1,1,0.977039770397704,0.9193672839506173,0.947326575233552
42,correto,P-correto,VP,1,1,0.977039770397704,0.9193672839506173,0.947326575233552
43,correto,P-correto,VP,1,1,0.977039770397704,0.9193672839506173,0.947326575233552
42,correto,P-correto,VP,1,1,0.977039770397704,0.9193672839506173,0.947326575233552
43,correto,P-correto,VP,1,1,0.977039770397704,0.9193672839506173,0.947326575233552
42,correto,P-correto,VP,1,1,0.977039770397704,0.9193672839506173,0.947326575233552
42,correto,P-correto,VP,1,1,0.977039770397704,0.9193672839506173,0.947326575233552
42,correto,P-correto,VP,1,1,0.977039770397704,0.9193672839506173,0.947326575233552
43,correto,P-correto,VP,1,1,0.977039770397704,0.9193672839506173,0.947326575233552
42,correto,P-correto,VP,1,1,0.977039770397704,0.9193672839506173,0.947326575233552
41,correto,P-correto,VP,1,1,0.977039770397704,0.9193672839506173,0.947326575233552
28,incorreto,P-incorreto,VN,0,0,0.977039770397704,0.9193672839506173,0.947326575233552
42,correto,P-correto,VP,1,1,0.977039770397704,0.9193672839506173,0.947326575233552
42,correto,P-correto,VP,1,1,0.977039770397704,0.9193672839506173,0.947326575233552
41,correto,P-correto,VP,1,1,0.977039770397704,0.9193672839506173,0.947326575233552
42,correto,P-correto,VP,1,1,0.977039770397704,0.9193672839506173,0.947326575233552
42,correto,P-correto,VP,1,1,0.977039770397704,0.9193672839506173,0.947326575233552
41,correto,P-correto,VP,1,1,0.977039770397704,0.9193672839506173,0.947326575233552
42,correto,P-correto,VP,1,1,0.977039770397704,0.9193672839506173,0.947326575233552
41,correto,P-correto,VP,1,1,0.977039770397704,0.9193672839506173,0.947326575233552
41,correto,P-correto,VP,1,1,0.977039770397704,0.9193672839506173,0.947326575233552
42,correto,P-correto,VP,1,1,0.977039770397704,0.9193672839506173,0.947326575233552
41,correto,P-correto,VP,1,1,0.977039770397704,0.9193672839506173,0.947326575233552
43,correto,P-correto,VP,1,1,0.977039770397704,0.9193672839506173,0.947326575233552
32,incorreto,P-incorreto,VN,0,0,0.977039770397704,0.9193672839506173,0.947326575233552
42,correto,P-correto,VP,1,1,0.977039770397704,0.9193672839506173,0.947326575233552
42,correto,P-correto,VP,1,1,0.977039770397704,0.9193672839506173,0.947326575233552
42,correto,P-correto,VP,1,1,0.977039770397704,0.9193672839506173,0.947326575233552
41,correto,P-correto,VP,1,1,0.977039770397704,0.9193672839506173,0.947326575233552
42,correto,P-correto,VP,1,1,0.977039770397704,0.9193672839506173,0.947326575233552
42,correto,P-incorreto,FP,1,0,0.977039770397704,0.9193672839506173,0.947326575233552
42,correto,P-correto,VP,1,1,0.977039770397704,0.9193672839506173,0.947326575233552
41,correto,P-correto,VP,1,1,0.977039770397704,0.9193672839506173,0.947326575233552
42,correto,P-incorreto,FP,1,0,0.977039770397704,0.9193672839506173,0.947326575233552
42,correto,P-correto,VP,1,1,0.977039770397704,0.9193672839506173,0.947326575233552
42,correto,P-correto,VP,1,1,0.977039770397704,0.9193672839506173,0.947326575233552
42,correto,P-correto,VP,1,1,0.977039770397704,0.9193672839506173,0.947326575233552
42,correto,P-correto,VP,1,1,0.977039770397704,0.9193672839506173,0.947326575233552
42,correto,P-incorreto,FP,1,0,0.977039770397704,0.9193672839506173,0.947326575233552
41,correto,P-incorreto,FP,1,0,0.977039770397704,0.9193672839506173,0.947326575233552
42,correto,P-correto,VP,1,1,0.977039770397704,0.9193672839506173,0.947326575233552
43,correto,P-correto,VP,1,1,0.977039770397704,0.9193672839506173,0.947326575233552
41,correto,P-correto,VP,1,1,0.977039770397704,0.9193672839506173,0.947326575233552
42,correto,P-correto,VP,1,1,0.977039770397704,0.9193672839506173,0.947326575233552
42,correto,P-correto,VP,1,1,0.977039770397704,0.9193672839506173,0.947326575233552
42,correto,P-correto,VP,1,1,0.977039770397704,0.9193672839506173,0.947326575233552
42,correto,P-incorreto,FP,1,0,0.977039770397704,0.9193672839506173,0.947326575233552
42,correto,P-correto,VP,1,1,0.977039770397704,0.9193672839506173,0.947326575233552
42,correto,P-correto,VP,1,1,0.977039770397704,0.9193672839506173,0.947326575233552
42,correto,P-incorreto,FP,1,0,0.977039770397704,0.9193672839506173,0.947326575233552
42,correto,P-correto,VP,1,1,0.977039770397704,0.9193672839506173,0.947326575233552
35,incorreto,P-incorreto,VN,0,0,0.977039770397704,0.9193672839506173,0.947326575233552
42,correto,P-correto,VP,1,1,0.977039770397704,0.9193672839506173,0.947326575233552
42,correto,P-correto,VP,1,1,0.977039770397704,0.9193672839506173,0.947326575233552
43,correto,P-correto,VP,1,1,0.977039770397704,0.9193672839506173,0.947326575233552
42,correto,P-correto,VP,1,1,0.977039770397704,0.9193672839506173,0.947326575233552
42,correto,P-correto,VP,1,1,0.977039770397704,0.9193672839506173,0.947326575233552
42,correto,P-correto,VP,1,1,0.977039770397704,0.9193672839506173,0.947326575233552
42,correto,P-correto,VP,1,1,0.977039770397704,0.9193672839506173,0.947326575233552
43,incorreto,P-correto,FN,0,1,0.977039770397704,0.9193672839506173,0.947326575233552
43,correto,P-correto,VP,1,1,0.977039770397704,0.9193672839506173,0.947326575233552
42,correto,P-correto,VP,1,1,0.977039770397704,0.9193672839506173,0.947326575233552
42,correto,P-correto,VP,1,1,0.977039770397704,0.9193672839506173,0.947326575233552
43,correto,P-correto,VP,1,1,0.977039770397704,0.9193672839506173,0.947326575233552
42,correto,P-correto,VP,1,1,0.977039770397704,0.9193672839506173,0.947326575233552
43,correto,P-correto,VP,1,1,0.977039770397704,0.9193672839506173,0.947326575233552
42,correto,P-correto,VP,1,1,0.977039770397704,0.9193672839506173,0.947326575233552
43,correto,P-correto,VP,1,1,0.977039770397704,0.9193672839506173,0.947326575233552
43,correto,P-correto,VP,1,1,0.977039770397704,0.9193672839506173,0.947326575233552
42,correto,P-correto,VP,1,1,0.977039770397704,0.9193672839506173,0.947326575233552
42,correto,P-correto,VP,1,1,0.977039770397704,0.9193672839506173,0.947326575233552
42,correto,P-correto,VP,1,1,0.977039770397704,0.9193672839506173,0.947326575233552
42,correto,P-correto,VP,1,1,0.977039770397704,0.9193672839506173,0.947326575233552
43,correto,P-correto,VP,1,1,0.977039770397704,0.9193672839506173,0.947326575233552
42,correto,P-correto,VP,1,1,0.977039770397704,0.9193672839506173,0.947326575233552
41,correto,P-correto,VP,1,1,0.977039770397704,0.9193672839506173,0.947326575233552
41,correto,P-correto,VP,1,1,0.977039770397704,0.9193672839506173,0.947326575233552
42,correto,P-correto,VP,1,1,0.977039770397704,0.9193672839506173,0.947326575233552
42,correto,P-incorreto,FP,1,0,0.977039770397704,0.9193672839506173,0.947326575233552
42,correto,P-correto,VP,1,1,0.977039770397704,0.9193672839506173,0.947326575233552
42,correto,P-correto,VP,1,1,0.977039770397704,0.9193672839506173,0.947326575233552
42,correto,P-correto,VP,1,1,0.977039770397704,0.9193672839506173,0.947326575233552
42,incorreto,P-correto,FN,0,1,0.977039770397704,0.9193672839506173,0.947326575233552
43,correto,P-correto,VP,1,1,0.977039770397704,0.9193672839506173,0.947326575233552
43,correto,P-correto,VP,1,1,0.977039770397704,0.9193672839506173,0.947326575233552
41,correto,P-correto,VP,1,1,0.977039770397704,0.9193672839506173,0.947326575233552
42,correto,P-incorreto,FP,1,0,0.977039770397704,0.9193672839506173,0.947326575233552
42,correto,P-correto,VP,1,1,0.977039770397704,0.9193672839506173,0.947326575233552
42,correto,P-correto,VP,1,1,0.977039770397704,0.9193672839506173,0.947326575233552
42,correto,P-correto,VP,1,1,0.977039770397704,0.9193672839506173,0.947326575233552
43,correto,P-correto,VP,1,1,0.977039770397704,0.9193672839506173,0.947326575233552
53,incorreto,P-incorreto,VN,0,0,0.977039770397704,0.9193672839506173,0.947326575233552
34,incorreto,P-incorreto,VN,0,0,0.977039770397704,0.9193672839506173,0.947326575233552
43,correto,P-correto,VP,1,1,0.977039770397704,0.9193672839506173,0.947326575233552
41,correto,P-correto,VP,1,1,0.977039770397704,0.9193672839506173,0.947326575233552
42,correto,P-incorreto,FP,1,0,0.977039770397704,0.9193672839506173,0.947326575233552
63,incorreto,P-incorreto,VN,0,0,0.977039770397704,0.9193672839506173,0.947326575233552
42,correto,P-incorreto,FP,1,0,0.977039770397704,0.9193672839506173,0.947326575233552
42,correto,P-correto,VP,1,1,0.977039770397704,0.9193672839506173,0.947326575233552
42,correto,P-correto,VP,1,1,0.977039770397704,0.9193672839506173,0.947326575233552
41,correto,P-correto,VP,1,1,0.977039770397704,0.9193672839506173,0.947326575233552
42,correto,P-correto,VP,1,1,0.977039770397704,0.9193672839506173,0.947326575233552
42,correto,P-correto,VP,1,1,0.977039770397704,0.9193672839506173,0.947326575233552
42,correto,P-correto,VP,1,1,0.977039770397704,0.9193672839506173,0.947326575233552
43,correto,P-correto,VP,1,1,0.977039770397704,0.9193672839506173,0.947326575233552
43,correto,P-correto,VP,1,1,0.977039770397704,0.9193672839506173,0.947326575233552
41,correto,P-correto,VP,1,1,0.977039770397704,0.9193672839506173,0.947326575233552
46,incorreto,P-incorreto,VN,0,0,0.977039770397704,0.9193672839506173,0.947326575233552
42,correto,P-incorreto,FP,1,0,0.977039770397704,0.9193672839506173,0.947326575233552
42,correto,P-correto,VP,1,1,0.977039770397704,0.9193672839506173,0.947326575233552
42,correto,P-correto,VP,1,1,0.977039770397704,0.9193672839506173,0.947326575233552
43,correto,P-correto,VP,1,1,0.977039770397704,0.9193672839506173,0.947326575233552
42,correto,P-correto,VP,1,1,0.977039770397704,0.9193672839506173,0.947326575233552
42,correto,P-correto,VP,1,1,0.977039770397704,0.9193672839506173,0.947326575233552
42,correto,P-correto,VP,1,1,0.977039770397704,0.9193672839506173,0.947326575233552
43,correto,P-correto,VP,1,1,0.977039770397704,0.9193672839506173,0.947326575233552
43,correto,P-correto,VP,1,1,0.977039770397704,0.9193672839506173,0.947326575233552
42,correto,P-correto,VP,1,1,0.977039770397704,0.9193672839506173,0.947326575233552
42,correto,P-correto,VP,1,1,0.977039770397704,0.9193672839506173,0.947326575233552
42,correto,P-correto,VP,1,1,0.977039770397704,0.9193672839506173,0.947326575233552
41,correto,P-correto,VP,1,1,0.977039770397704,0.9193672839506173,0.947326575233552
43,correto,P-correto,VP,1,1,0.977039770397704,0.9193672839506173,0.947326575233552
28,incorreto,P-incorreto,VN,0,0,0.977039770397704,0.9193672839506173,0.947326575233552
43,correto,P-correto,VP,1,1,0.977039770397704,0.9193672839506173,0.947326575233552
41,correto,P-correto,VP,1,1,0.977039770397704,0.9193672839506173,0.947326575233552
42,correto,P-correto,VP,1,1,0.977039770397704,0.9193672839506173,0.947326575233552
42,correto,P-correto,VP,1,1,0.977039770397704,0.9193672839506173,0.947326575233552
41,correto,P-correto,VP,1,1,0.977039770397704,0.9193672839506173,0.947326575233552
54,incorreto,P-incorreto,VN,0,0,0.977039770397704,0.9193672839506173,0.947326575233552
43,correto,P-correto,VP,1,1,0.977039770397704,0.9193672839506173,0.947326575233552
41,correto,P-correto,VP,1,1,0.977039770397704,0.9193672839506173,0.947326575233552
49,incorreto,P-incorreto,VN,0,0,0.977039770397704,0.9193672839506173,0.947326575233552
42,correto,P-correto,VP,1,1,0.977039770397704,0.9193672839506173,0.947326575233552
42,correto,P-correto,VP,1,1,0.977039770397704,0.9193672839506173,0.947326575233552
42,correto,P-correto,VP,1,1,0.977039770397704,0.9193672839506173,0.947326575233552
42,correto,P-correto,VP,1,1,0.977039770397704,0.9193672839506173,0.947326575233552
42,correto,P-correto,VP,1,1,0.977039770397704,0.9193672839506173,0.947326575233552
42,correto,P-correto,VP,1,1,0.977039770397704,0.9193672839506173,0.947326575233552
42,correto,P-correto,VP,1,1,0.977039770397704,0.9193672839506173,0.947326575233552
42,correto,P-correto,VP,1,1,0.977039770397704,0.9193672839506173,0.947326575233552
43,correto,P-correto,VP,1,1,0.977039770397704,0.9193672839506173,0.947326575233552
42,correto,P-correto,VP,1,1,0.977039770397704,0.9193672839506173,0.947326575233552
26,incorreto,P-incorreto,VN,0,0,0.977039770397704,0.9193672839506173,0.947326575233552
42,correto,P-correto,VP,1,1,0.977039770397704,0.9193672839506173,0.947326575233552
24,incorreto,P-incorreto,VN,0,0,0.977039770397704,0.9193672839506173,0.947326575233552
47,incorreto,P-incorreto,VN,0,0,0.977039770397704,0.9193672839506173,0.947326575233552
42,correto,P-correto,VP,1,1,0.977039770397704,0.9193672839506173,0.947326575233552
41,correto,P-correto,VP,1,1,0.977039770397704,0.9193672839506173,0.947326575233552
43,correto,P-correto,VP,1,1,0.977039770397704,0.9193672839506173,0.947326575233552
42,correto,P-incorreto,FP,1,0,0.977039770397704,0.9193672839506173,0.947326575233552
41,correto,P-correto,VP,1,1,0.977039770397704,0.9193672839506173,0.947326575233552
16,incorreto,P-incorreto,VN,0,0,0.977039770397704,0.9193672839506173,0.947326575233552
43,correto,P-correto,VP,1,1,0.977039770397704,0.9193672839506173,0.947326575233552
42,correto,P-correto,VP,1,1,0.977039770397704,0.9193672839506173,0.947326575233552
42,correto,P-correto,VP,1,1,0.977039770397704,0.9193672839506173,0.947326575233552
42,correto,P-correto,VP,1,1,0.977039770397704,0.9193672839506173,0.947326575233552
42,correto,P-correto,VP,1,1,0.977039770397704,0.9193672839506173,0.947326575233552
41,correto,P-correto,VP,1,1,0.977039770397704,0.9193672839506173,0.947326575233552
41,correto,P-correto,VP,1,1,0.977039770397704,0.9193672839506173,0.947326575233552
42,correto,P-correto,VP,1,1,0.977039770397704,0.9193672839506173,0.947326575233552
42,correto,P-correto,VP,1,1,0.977039770397704,0.9193672839506173,0.947326575233552
42,correto,P-correto,VP,1,1,0.977039770397704,0.9193672839506173,0.947326575233552
42,correto,P-correto,VP,1,1,0.977039770397704,0.9193672839506173,0.947326575233552
43,correto,P-correto,VP,1,1,0.977039770397704,0.9193672839506173,0.947326575233552
42,correto,P-correto,VP,1,1,0.977039770397704,0.9193672839506173,0.947326575233552
41,correto,P-correto,VP,1,1,0.977039770397704,0.9193672839506173,0.947326575233552
42,correto,P-correto,VP,1,1,0.977039770397704,0.9193672839506173,0.947326575233552
38,incorreto,P-incorreto,VN,0,0,0.977039770397704,0.9193672839506173,0.947326575233552
42,correto,P-correto,VP,1,1,0.977039770397704,0.9193672839506173,0.947326575233552
41,incorreto,P-incorreto,VN,0,0,0.977039770397704,0.9193672839506173,0.947326575233552
42,correto,P-correto,VP,1,1,0.977039770397704,0.9193672839506173,0.947326575233552
43,correto,P-correto,VP,1,1,0.977039770397704,0.9193672839506173,0.947326575233552
43,correto,P-correto,VP,1,1,0.977039770397704,0.9193672839506173,0.947326575233552
43,correto,P-correto,VP,1,1,0.977039770397704,0.9193672839506173,0.947326575233552
43,correto,P-correto,VP,1,1,0.977039770397704,0.9193672839506173,0.947326575233552
42,correto,P-correto,VP,1,1,0.977039770397704,0.9193672839506173,0.947326575233552
43,correto,P-correto,VP,1,1,0.977039770397704,0.9193672839506173,0.947326575233552
41,correto,P-correto,VP,1,1,0.977039770397704,0.9193672839506173,0.947326575233552
41,correto,P-incorreto,FP,1,0,0.977039770397704,0.9193672839506173,0.947326575233552
43,correto,P-correto,VP,1,1,0.977039770397704,0.9193672839506173,0.947326575233552
42,correto,P-correto,VP,1,1,0.977039770397704,0.9193672839506173,0.947326575233552
42,correto,P-correto,VP,1,1,0.977039770397704,0.9193672839506173,0.947326575233552
42,correto,P-correto,VP,1,1,0.977039770397704,0.9193672839506173,0.947326575233552
42,correto,P-correto,VP,1,1,0.977039770397704,0.9193672839506173,0.947326575233552
52,incorreto,P-incorreto,VN,0,0,0.977039770397704,0.9193672839506173,0.947326575233552
42,correto,P-correto,VP,1,1,0.977039770397704,0.9193672839506173,0.947326575233552
43,correto,P-correto,VP,1,1,0.977039770397704,0.9193672839506173,0.947326575233552
43,correto,P-correto,VP,1,1,0.977039770397704,0.9193672839506173,0.947326575233552
42,correto,P-correto,VP,1,1,0.977039770397704,0.9193672839506173,0.947326575233552
41,correto,P-incorreto,FP,1,0,0.977039770397704,0.9193672839506173,0.947326575233552
41,correto,P-correto,VP,1,1,0.977039770397704,0.9193672839506173,0.947326575233552
41,correto,P-incorreto,FP,1,0,0.977039770397704,0.9193672839506173,0.947326575233552
42,correto,P-correto,VP,1,1,0.977039770397704,0.9193672839506173,0.947326575233552
41,correto,P-correto,VP,1,1,0.977039770397704,0.9193672839506173,0.947326575233552
43,correto,P-correto,VP,1,1,0.977039770397704,0.9193672839506173,0.947326575233552
41,correto,P-correto,VP,1,1,0.977039770397704,0.9193672839506173,0.947326575233552
41,correto,P-correto,VP,1,1,0.977039770397704,0.9193672839506173,0.947326575233552
42,correto,P-correto,VP,1,1,0.977039770397704,0.9193672839506173,0.947326575233552
43,correto,P-correto,VP,1,1,0.977039770397704,0.9193672839506173,0.947326575233552
61,incorreto,P-incorreto,VN,0,0,0.977039770397704,0.9193672839506173,0.947326575233552
41,correto,P-correto,VP,1,1,0.977039770397704,0.9193672839506173,0.947326575233552
42,correto,P-correto,VP,1,1,0.977039770397704,0.9193672839506173,0.947326575233552
42,correto,P-correto,VP,1,1,0.977039770397704,0.9193672839506173,0.947326575233552
42,correto,P-correto,VP,1,1,0.977039770397704,0.9193672839506173,0.947326575233552
41,correto,P-correto,VP,1,1,0.977039770397704,0.9193672839506173,0.947326575233552
42,correto,P-correto,VP,1,1,0.977039770397704,0.9193672839506173,0.947326575233552
42,correto,P-correto,VP,1,1,0.977039770397704,0.9193672839506173,0.947326575233552
42,correto,P-correto,VP,1,1,0.977039770397704,0.9193672839506173,0.947326575233552
42,correto,P-correto,VP,1,1,0.977039770397704,0.9193672839506173,0.947326575233552
42,correto,P-correto,VP,1,1,0.977039770397704,0.9193672839506173,0.947326575233552
41,correto,P-correto,VP,1,1,0.977039770397704,0.9193672839506173,0.947326575233552
43,correto,P-correto,VP,1,1,0.977039770397704,0.9193672839506173,0.947326575233552
42,correto,P-incorreto,FP,1,0,0.977039770397704,0.9193672839506173,0.947326575233552
42,correto,P-correto,VP,1,1,0.977039770397704,0.9193672839506173,0.947326575233552
41,correto,P-correto,VP,1,1,0.977039770397704,0.9193672839506173,0.947326575233552
43,correto,P-correto,VP,1,1,0.977039770397704,0.9193672839506173,0.947326575233552
54,incorreto,P-incorreto,VN,0,0,0.977039770397704,0.9193672839506173,0.947326575233552
42,correto,P-correto,VP,1,1,0.977039770397704,0.9193672839506173,0.947326575233552
41,correto,P-correto,VP,1,1,0.977039770397704,0.9193672839506173,0.947326575233552
11,incorreto,P-incorreto,VN,0,0,0.977039770397704,0.9193672839506173,0.947326575233552
42,correto,P-correto,VP,1,1,0.977039770397704,0.9193672839506173,0.947326575233552
42,correto,P-correto,VP,1,1,0.977039770397704,0.9193672839506173,0.947326575233552
42,correto,P-correto,VP,1,1,0.977039770397704,0.9193672839506173,0.947326575233552
21,incorreto,P-incorreto,VN,0,0,0.977039770397704,0.9193672839506173,0.947326575233552
54,incorreto,P-incorreto,VN,0,0,0.977039770397704,0.9193672839506173,0.947326575233552
41,correto,P-correto,VP,1,1,0.977039770397704,0.9193672839506173,0.947326575233552
42,correto,P-correto,VP,1,1,0.977039770397704,0.9193672839506173,0.947326575233552
43,correto,P-correto,VP,1,1,0.977039770397704,0.9193672839506173,0.947326575233552
43,correto,P-correto,VP,1,1,0.977039770397704,0.9193672839506173,0.947326575233552
42,correto,P-correto,VP,1,1,0.977039770397704,0.9193672839506173,0.947326575233552
43,correto,P-correto,VP,1,1,0.977039770397704,0.9193672839506173,0.947326575233552
43,correto,P-correto,VP,1,1,0.977039770397704,0.9193672839506173,0.947326575233552
41,correto,P-incorreto,FP,1,0,0.977039770397704,0.9193672839506173,0.947326575233552
42,correto,P-correto,VP,1,1,0.977039770397704,0.9193672839506173,0.947326575233552
42,correto,P-correto,VP,1,1,0.977039770397704,0.9193672839506173,0.947326575233552
42,correto,P-correto,VP,1,1,0.977039770397704,0.9193672839506173,0.947326575233552
42,correto,P-correto,VP,1,1,0.977039770397704,0.9193672839506173,0.947326575233552
42,correto,P-correto,VP,1,1,0.977039770397704,0.9193672839506173,0.947326575233552
42,correto,P-correto,VP,1,1,0.977039770397704,0.9193672839506173,0.947326575233552
42,correto,P-correto,VP,1,1,0.977039770397704,0.9193672839506173,0.947326575233552
42,correto,P-correto,VP,1,1,0.977039770397704,0.9193672839506173,0.947326575233552
42,correto,P-correto,VP,1,1,0.977039770397704,0.9193672839506173,0.947326575233552
41,correto,P-correto,VP,1,1,0.977039770397704,0.9193672839506173,0.947326575233552
42,correto,P-correto,VP,1,1,0.977039770397704,0.9193672839506173,0.947326575233552
41,correto,P-correto,VP,1,1,0.977039770397704,0.9193672839506173,0.947326575233552
42,correto,P-correto,VP,1,1,0.977039770397704,0.9193672839506173,0.947326575233552
43,correto,P-correto,VP,1,1,0.977039770397704,0.9193672839506173,0.947326575233552
42,correto,P-correto,VP,1,1,0.977039770397704,0.9193672839506173,0.947326575233552
43,correto,P-correto,VP,1,1,0.977039770397704,0.9193672839506173,0.947326575233552
42,correto,P-correto,VP,1,1,0.977039770397704,0.9193672839506173,0.947326575233552
42,correto,P-correto,VP,1,1,0.977039770397704,0.9193672839506173,0.947326575233552
41,correto,P-correto,VP,1,1,0.977039770397704,0.9193672839506173,0.947326575233552
41,correto,P-incorreto,FP,1,0,0.977039770397704,0.9193672839506173,0.947326575233552
42,correto,P-correto,VP,1,1,0.977039770397704,0.9193672839506173,0.947326575233552
41,correto,P-correto,VP,1,1,0.977039770397704,0.9193672839506173,0.947326575233552
41,correto,P-correto,VP,1,1,0.977039770397704,0.9193672839506173,0.947326575233552
42,correto,P-correto,VP,1,1,0.977039770397704,0.9193672839506173,0.947326575233552
42,correto,P-correto,VP,1,1,0.977039770397704,0.9193672839506173,0.947326575233552
41,correto,P-correto,VP,1,1,0.977039770397704,0.9193672839506173,0.947326575233552
47,incorreto,P-incorreto,VN,0,0,0.977039770397704,0.9193672839506173,0.947326575233552
42,correto,P-correto,VP,1,1,0.977039770397704,0.9193672839506173,0.947326575233552
41,correto,P-correto,VP,1,1,0.977039770397704,0.9193672839506173,0.947326575233552
41,correto,P-correto,VP,1,1,0.977039770397704,0.9193672839506173,0.947326575233552
42,correto,P-correto,VP,1,1,0.977039770397704,0.9193672839506173,0.947326575233552
42,correto,P-correto,VP,1,1,0.977039770397704,0.9193672839506173,0.947326575233552
42,correto,P-correto,VP,1,1,0.977039770397704,0.9193672839506173,0.947326575233552
42,correto,P-correto,VP,1,1,0.977039770397704,0.9193672839506173,0.947326575233552
42,correto,P-correto,VP,1,1,0.977039770397704,0.9193672839506173,0.947326575233552
42,correto,P-incorreto,FP,1,0,0.977039770397704,0.9193672839506173,0.947326575233552
41,correto,P-correto,VP,1,1,0.977039770397704,0.9193672839506173,0.947326575233552
41,correto,P-correto,VP,1,1,0.977039770397704,0.9193672839506173,0.947326575233552
42,correto,P-correto,VP,1,1,0.977039770397704,0.9193672839506173,0.947326575233552
32,incorreto,P-incorreto,VN,0,0,0.977039770397704,0.9193672839506173,0.947326575233552
42,correto,P-correto,VP,1,1,0.977039770397704,0.9193672839506173,0.947326575233552
42,correto,P-correto,VP,1,1,0.977039770397704,0.9193672839506173,0.947326575233552
42,correto,P-correto,VP,1,1,0.977039770397704,0.9193672839506173,0.947326575233552
42,correto,P-correto,VP,1,1,0.977039770397704,0.9193672839506173,0.947326575233552
42,correto,P-incorreto,FP,1,0,0.977039770397704,0.9193672839506173,0.947326575233552
42,correto,P-correto,VP,1,1,0.977039770397704,0.9193672839506173,0.947326575233552
42,correto,P-correto,VP,1,1,0.977039770397704,0.9193672839506173,0.947326575233552
42,correto,P-correto,VP,1,1,0.977039770397704,0.9193672839506173,0.947326575233552
34,incorreto,P-incorreto,VN,0,0,0.977039770397704,0.9193672839506173,0.947326575233552
42,correto,P-correto,VP,1,1,0.977039770397704,0.9193672839506173,0.947326575233552
43,correto,P-correto,VP,1,1,0.977039770397704,0.9193672839506173,0.947326575233552
42,correto,P-correto,VP,1,1,0.977039770397704,0.9193672839506173,0.947326575233552
42,correto,P-correto,VP,1,1,0.977039770397704,0.9193672839506173,0.947326575233552
41,correto,P-correto,VP,1,1,0.977039770397704,0.9193672839506173,0.947326575233552
42,correto,P-correto,VP,1,1,0.977039770397704,0.9193672839506173,0.947326575233552
41,correto,P-correto,VP,1,1,0.977039770397704,0.9193672839506173,0.947326575233552
49,incorreto,P-incorreto,VN,0,0,0.977039770397704,0.9193672839506173,0.947326575233552
41,correto,P-correto,VP,1,1,0.977039770397704,0.9193672839506173,0.947326575233552
43,correto,P-correto,VP,1,1,0.977039770397704,0.9193672839506173,0.947326575233552
43,correto,P-correto,VP,1,1,0.977039770397704,0.9193672839506173,0.947326575233552
42,correto,P-correto,VP,1,1,0.977039770397704,0.9193672839506173,0.947326575233552
42,correto,P-correto,VP,1,1,0.977039770397704,0.9193672839506173,0.947326575233552
41,correto,P-incorreto,FP,1,0,0.977039770397704,0.9193672839506173,0.947326575233552
42,correto,P-correto,VP,1,1,0.977039770397704,0.9193672839506173,0.947326575233552
42,correto,P-correto,VP,1,1,0.977039770397704,0.9193672839506173,0.947326575233552
43,correto,P-correto,VP,1,1,0.977039770397704,0.9193672839506173,0.947326575233552
41,correto,P-correto,VP,1,1,0.977039770397704,0.9193672839506173,0.947326575233552
43,correto,P-correto,VP,1,1,0.977039770397704,0.9193672839506173,0.947326575233552
42,correto,P-correto,VP,1,1,0.977039770397704,0.9193672839506173,0.947326575233552
42,correto,P-correto,VP,1,1,0.977039770397704,0.9193672839506173,0.947326575233552
41,correto,P-correto,VP,1,1,0.977039770397704,0.9193672839506173,0.947326575233552
41,correto,P-correto,VP,1,1,0.977039770397704,0.9193672839506173,0.947326575233552
41,correto,P-incorreto,FP,1,0,0.977039770397704,0.9193672839506173,0.947326575233552
42,correto,P-correto,VP,1,1,0.977039770397704,0.9193672839506173,0.947326575233552
43,correto,P-correto,VP,1,1,0.977039770397704,0.9193672839506173,0.947326575233552
37,incorreto,P-incorreto,VN,0,0,0.977039770397704,0.9193672839506173,0.947326575233552
42,correto,P-incorreto,FP,1,0,0.977039770397704,0.9193672839506173,0.947326575233552
29,incorreto,P-incorreto,VN,0,0,0.977039770397704,0.9193672839506173,0.947326575233552
42,correto,P-correto,VP,1,1,0.977039770397704,0.9193672839506173,0.947326575233552
42,correto,P-correto,VP,1,1,0.977039770397704,0.9193672839506173,0.947326575233552
42,correto,P-correto,VP,1,1,0.977039770397704,0.9193672839506173,0.947326575233552
42,correto,P-correto,VP,1,1,0.977039770397704,0.9193672839506173,0.947326575233552
42,correto,P-correto,VP,1,1,0.977039770397704,0.9193672839506173,0.947326575233552
42,correto,P-correto,VP,1,1,0.977039770397704,0.9193672839506173,0.947326575233552
42,correto,P-correto,VP,1,1,0.977039770397704,0.9193672839506173,0.947326575233552
70,incorreto,P-incorreto,VN,0,0,0.977039770397704,0.9193672839506173,0.947326575233552
42,correto,P-correto,VP,1,1,0.977039770397704,0.9193672839506173,0.947326575233552
42,correto,P-correto,VP,1,1,0.977039770397704,0.9193672839506173,0.947326575233552
49,incorreto,P-incorreto,VN,0,0,0.977039770397704,0.9193672839506173,0.947326575233552
41,correto,P-correto,VP,1,1,0.977039770397704,0.9193672839506173,0.947326575233552
42,correto,P-correto,VP,1,1,0.977039770397704,0.9193672839506173,0.947326575233552
42,correto,P-correto,VP,1,1,0.977039770397704,0.9193672839506173,0.947326575233552
43,correto,P-correto,VP,1,1,0.977039770397704,0.9193672839506173,0.947326575233552
42,correto,P-correto,VP,1,1,0.977039770397704,0.9193672839506173,0.947326575233552
46,incorreto,P-incorreto,VN,0,0,0.977039770397704,0.9193672839506173,0.947326575233552
42,correto,P-correto,VP,1,1,0.977039770397704,0.9193672839506173,0.947326575233552
43,correto,P-correto,VP,1,1,0.977039770397704,0.9193672839506173,0.947326575233552
41,correto,P-correto,VP,1,1,0.977039770397704,0.9193672839506173,0.947326575233552
42,correto,P-correto,VP,1,1,0.977039770397704,0.9193672839506173,0.947326575233552
28,incorreto,P-incorreto,VN,0,0,0.977039770397704,0.9193672839506173,0.947326575233552
44,incorreto,P-correto,FN,0,1,0.977039770397704,0.9193672839506173,0.947326575233552
43,correto,P-correto,VP,1,1,0.977039770397704,0.9193672839506173,0.947326575233552
42,correto,P-correto,VP,1,1,0.977039770397704,0.9193672839506173,0.947326575233552
42,incorreto,P-correto,FN,0,1,0.977039770397704,0.9193672839506173,0.947326575233552
42,correto,P-correto,VP,1,1,0.977039770397704,0.9193672839506173,0.947326575233552
34,incorreto,P-incorreto,VN,0,0,0.977039770397704,0.9193672839506173,0.947326575233552
42,correto,P-correto,VP,1,1,0.977039770397704,0.9193672839506173,0.947326575233552
42,correto,P-incorreto,FP,1,0,0.977039770397704,0.9193672839506173,0.947326575233552
42,correto,P-correto,VP,1,1,0.977039770397704,0.9193672839506173,0.947326575233552
42,correto,P-correto,VP,1,1,0.977039770397704,0.9193672839506173,0.947326575233552
43,correto,P-correto,VP,1,1,0.977039770397704,0.9193672839506173,0.947326575233552
49,incorreto,P-incorreto,VN,0,0,0.977039770397704,0.9193672839506173,0.947326575233552
42,correto,P-correto,VP,1,1,0.977039770397704,0.9193672839506173,0.947326575233552
43,incorreto,P-correto,FN,0,1,0.977039770397704,0.9193672839506173,0.947326575233552
42,correto,P-correto,VP,1,1,0.977039770397704,0.9193672839506173,0.947326575233552
31,incorreto,P-incorreto,VN,0,0,0.977039770397704,0.9193672839506173,0.947326575233552
43,correto,P-correto,VP,1,1,0.977039770397704,0.9193672839506173,0.947326575233552
28,incorreto,P-incorreto,VN,0,0,0.977039770397704,0.9193672839506173,0.947326575233552
42,correto,P-correto,VP,1,1,0.977039770397704,0.9193672839506173,0.947326575233552
58,incorreto,P-incorreto,VN,0,0,0.977039770397704,0.9193672839506173,0.947326575233552
42,correto,P-correto,VP,1,1,0.977039770397704,0.9193672839506173,0.947326575233552
43,correto,P-correto,VP,1,1,0.977039770397704,0.9193672839506173,0.947326575233552
42,correto,P-correto,VP,1,1,0.977039770397704,0.9193672839506173,0.947326575233552
42,correto,P-correto,VP,1,1,0.977039770397704,0.9193672839506173,0.947326575233552
43,correto,P-incorreto,FP,1,0,0.977039770397704,0.9193672839506173,0.947326575233552
41,correto,P-correto,VP,1,1,0.977039770397704,0.9193672839506173,0.947326575233552
43,correto,P-correto,VP,1,1,0.977039770397704,0.9193672839506173,0.947326575233552
42,correto,P-correto,VP,1,1,0.977039770397704,0.9193672839506173,0.947326575233552
42,correto,P-correto,VP,1,1,0.977039770397704,0.9193672839506173,0.947326575233552
42,correto,P-correto,VP,1,1,0.977039770397704,0.9193672839506173,0.947326575233552
42,correto,P-correto,VP,1,1,0.977039770397704,0.9193672839506173,0.947326575233552
42,correto,P-correto,VP,1,1,0.977039770397704,0.9193672839506173,0.947326575233552
42,correto,P-correto,VP,1,1,0.977039770397704,0.9193672839506173,0.947326575233552
42,correto,P-correto,VP,1,1,0.977039770397704,0.9193672839506173,0.947326575233552
42,correto,P-correto,VP,1,1,0.977039770397704,0.9193672839506173,0.947326575233552
42,correto,P-incorreto,FP,1,0,0.977039770397704,0.9193672839506173,0.947326575233552
42,correto,P-correto,VP,1,1,0.977039770397704,0.9193672839506173,0.947326575233552
42,correto,P-correto,VP,1,1,0.977039770397704,0.9193672839506173,0.947326575233552
43,correto,P-correto,VP,1,1,0.977039770397704,0.9193672839506173,0.947326575233552
41,correto,P-correto,VP,1,1,0.977039770397704,0.9193672839506173,0.947326575233552
42,correto,P-correto,VP,1,1,0.977039770397704,0.9193672839506173,0.947326575233552
42,correto,P-correto,VP,1,1,0.977039770397704,0.9193672839506173,0.947326575233552
42,correto,P-correto,VP,1,1,0.977039770397704,0.9193672839506173,0.947326575233552
42,correto,P-correto,VP,1,1,0.977039770397704,0.9193672839506173,0.947326575233552
42,correto,P-incorreto,FP,1,0,0.977039770397704,0.9193672839506173,0.947326575233552
41,correto,P-correto,VP,1,1,0.977039770397704,0.9193672839506173,0.947326575233552
43,correto,P-correto,VP,1,1,0.977039770397704,0.9193672839506173,0.947326575233552
43,correto,P-correto,VP,1,1,0.977039770397704,0.9193672839506173,0.947326575233552
35,incorreto,P-incorreto,VN,0,0,0.977039770397704,0.9193672839506173,0.947326575233552
42,correto,P-correto,VP,1,1,0.977039770397704,0.9193672839506173,0.947326575233552
42,correto,P-correto,VP,1,1,0.977039770397704,0.9193672839506173,0.947326575233552
41,correto,P-incorreto,FP,1,0,0.977039770397704,0.9193672839506173,0.947326575233552
42,correto,P-correto,VP,1,1,0.977039770397704,0.9193672839506173,0.947326575233552
43,correto,P-correto,VP,1,1,0.977039770397704,0.9193672839506173,0.947326575233552
42,correto,P-correto,VP,1,1,0.977039770397704,0.9193672839506173,0.947326575233552
41,correto,P-correto,VP,1,1,0.977039770397704,0.9193672839506173,0.947326575233552
42,correto,P-correto,VP,1,1,0.977039770397704,0.9193672839506173,0.947326575233552
42,correto,P-correto,VP,1,1,0.977039770397704,0.9193672839506173,0.947326575233552
42,correto,P-correto,VP,1,1,0.977039770397704,0.9193672839506173,0.947326575233552
40,correto,P-correto,VP,1,1,0.977039770397704,0.9193672839506173,0.947326575233552
41,correto,P-incorreto,FP,1,0,0.977039770397704,0.9193672839506173,0.947326575233552
42,correto,P-correto,VP,1,1,0.977039770397704,0.9193672839506173,0.947326575233552
41,incorreto,P-correto,FN,0,1,0.977039770397704,0.9193672839506173,0.947326575233552
42,correto,P-correto,VP,1,1,0.977039770397704,0.9193672839506173,0.947326575233552
42,correto,P-correto,VP,1,1,0.977039770397704,0.9193672839506173,0.947326575233552
42,correto,P-correto,VP,1,1,0.977039770397704,0.9193672839506173,0.947326575233552
41,correto,P-correto,VP,1,1,0.977039770397704,0.9193672839506173,0.947326575233552
43,correto,P-correto,VP,1,1,0.977039770397704,0.9193672839506173,0.947326575233552
42,correto,P-correto,VP,1,1,0.977039770397704,0.9193672839506173,0.947326575233552
42,correto,P-correto,VP,1,1,0.977039770397704,0.9193672839506173,0.947326575233552
42,correto,P-correto,VP,1,1,0.977039770397704,0.9193672839506173,0.947326575233552
40,incorreto,P-correto,FN,0,1,0.977039770397704,0.9193672839506173,0.947326575233552
51,incorreto,P-incorreto,VN,0,0,0.977039770397704,0.9193672839506173,0.947326575233552
41,correto,P-correto,VP,1,1,0.977039770397704,0.9193672839506173,0.947326575233552
42,correto,P-correto,VP,1,1,0.977039770397704,0.9193672839506173,0.947326575233552
42,correto,P-correto,VP,1,1,0.977039770397704,0.9193672839506173,0.947326575233552
43,correto,P-correto,VP,1,1,0.977039770397704,0.9193672839506173,0.947326575233552
42,correto,P-correto,VP,1,1,0.977039770397704,0.9193672839506173,0.947326575233552
42,correto,P-incorreto,FP,1,0,0.977039770397704,0.9193672839506173,0.947326575233552
42,incorreto,P-correto,FN,0,1,0.977039770397704,0.9193672839506173,0.947326575233552
42,correto,P-incorreto,FP,1,0,0.977039770397704,0.9193672839506173,0.947326575233552
42,correto,P-correto,VP,1,1,0.977039770397704,0.9193672839506173,0.947326575233552
42,correto,P-incorreto,FP,1,0,0.977039770397704,0.9193672839506173,0.947326575233552
43,correto,P-correto,VP,1,1,0.977039770397704,0.9193672839506173,0.947326575233552
42,correto,P-correto,VP,1,1,0.977039770397704,0.9193672839506173,0.947326575233552
42,correto,P-correto,VP,1,1,0.977039770397704,0.9193672839506173,0.947326575233552
42,correto,P-correto,VP,1,1,0.977039770397704,0.9193672839506173,0.947326575233552
42,correto,P-correto,VP,1,1,0.977039770397704,0.9193672839506173,0.947326575233552
25,incorreto,P-incorreto,VN,0,0,0.977039770397704,0.9193672839506173,0.947326575233552
41,correto,P-correto,VP,1,1,0.977039770397704,0.9193672839506173,0.947326575233552
43,correto,P-correto,VP,1,1,0.977039770397704,0.9193672839506173,0.947326575233552
41,correto,P-correto,VP,1,1,0.977039770397704,0.9193672839506173,0.947326575233552
42,correto,P-incorreto,FP,1,0,0.977039770397704,0.9193672839506173,0.947326575233552
42,correto,P-correto,VP,1,1,0.977039770397704,0.9193672839506173,0.947326575233552
58,incorreto,P-incorreto,VN,0,0,0.977039770397704,0.9193672839506173,0.947326575233552
40,correto,P-incorreto,FP,1,0,0.977039770397704,0.9193672839506173,0.947326575233552
43,correto,P-correto,VP,1,1,0.977039770397704,0.9193672839506173,0.947326575233552
42,correto,P-correto,VP,1,1,0.977039770397704,0.9193672839506173,0.947326575233552
41,correto,P-correto,VP,1,1,0.977039770397704,0.9193672839506173,0.947326575233552
42,correto,P-correto,VP,1,1,0.977039770397704,0.9193672839506173,0.947326575233552
42,correto,P-correto,VP,1,1,0.977039770397704,0.9193672839506173,0.947326575233552
42,correto,P-correto,VP,1,1,0.977039770397704,0.9193672839506173,0.947326575233552
42,correto,P-correto,VP,1,1,0.977039770397704,0.9193672839506173,0.947326575233552
42,correto,P-correto,VP,1,1,0.977039770397704,0.9193672839506173,0.947326575233552
42,correto,P-correto,VP,1,1,0.977039770397704,0.9193672839506173,0.947326575233552
41,correto,P-correto,VP,1,1,0.977039770397704,0.9193672839506173,0.947326575233552
42,correto,P-correto,VP,1,1,0.977039770397704,0.9193672839506173,0.947326575233552
42,correto,P-correto,VP,1,1,0.977039770397704,0.9193672839506173,0.947326575233552
42,correto,P-correto,VP,1,1,0.977039770397704,0.9193672839506173,0.947326575233552
42,correto,P-incorreto,FP,1,0,0.977039770397704,0.9193672839506173,0.947326575233552
43,correto,P-correto,VP,1,1,0.977039770397704,0.9193672839506173,0.947326575233552
43,correto,P-correto,VP,1,1,0.977039770397704,0.9193672839506173,0.947326575233552
42,correto,P-correto,VP,1,1,0.977039770397704,0.9193672839506173,0.947326575233552
42,correto,P-correto,VP,1,1,0.977039770397704,0.9193672839506173,0.947326575233552
42,correto,P-correto,VP,1,1,0.977039770397704,0.9193672839506173,0.947326575233552
47,incorreto,P-incorreto,VN,0,0,0.977039770397704,0.9193672839506173,0.947326575233552
42,correto,P-correto,VP,1,1,0.977039770397704,0.9193672839506173,0.947326575233552
42,correto,P-correto,VP,1,1,0.977039770397704,0.9193672839506173,0.947326575233552
42,correto,P-correto,VP,1,1,0.977039770397704,0.9193672839506173,0.947326575233552
42,correto,P-incorreto,FP,1,0,0.977039770397704,0.9193672839506173,0.947326575233552
43,correto,P-correto,VP,1,1,0.977039770397704,0.9193672839506173,0.947326575233552
42,correto,P-correto,VP,1,1,0.977039770397704,0.9193672839506173,0.947326575233552
43,correto,P-correto,VP,1,1,0.977039770397704,0.9193672839506173,0.947326575233552
42,correto,P-correto,VP,1,1,0.977039770397704,0.9193672839506173,0.947326575233552
41,correto,P-correto,VP,1,1,0.977039770397704,0.9193672839506173,0.947326575233552
42,correto,P-correto,VP,1,1,0.977039770397704,0.9193672839506173,0.947326575233552
42,correto,P-correto,VP,1,1,0.977039770397704,0.9193672839506173,0.947326575233552
42,correto,P-correto,VP,1,1,0.977039770397704,0.9193672839506173,0.947326575233552
42,correto,P-correto,VP,1,1,0.977039770397704,0.9193672839506173,0.947326575233552
42,correto,P-correto,VP,1,1,0.977039770397704,0.9193672839506173,0.947326575233552
42,correto,P-correto,VP,1,1,0.977039770397704,0.9193672839506173,0.947326575233552
41,correto,P-correto,VP,1,1,0.977039770397704,0.9193672839506173,0.947326575233552
51,incorreto,P-incorreto,VN,0,0,0.977039770397704,0.9193672839506173,0.947326575233552
34,incorreto,P-incorreto,VN,0,0,0.977039770397704,0.9193672839506173,0.947326575233552
41,correto,P-correto,VP,1,1,0.977039770397704,0.9193672839506173,0.947326575233552
42,correto,P-correto,VP,1,1,0.977039770397704,0.9193672839506173,0.947326575233552
50,incorreto,P-incorreto,VN,0,0,0.977039770397704,0.9193672839506173,0.947326575233552
42,correto,P-correto,VP,1,1,0.977039770397704,0.9193672839506173,0.947326575233552
42,correto,P-correto,VP,1,1,0.977039770397704,0.9193672839506173,0.947326575233552
42,correto,P-correto,VP,1,1,0.977039770397704,0.9193672839506173,0.947326575233552
43,correto,P-correto,VP,1,1,0.977039770397704,0.9193672839506173,0.947326575233552
41,correto,P-correto,VP,1,1,0.977039770397704,0.9193672839506173,0.947326575233552
41,correto,P-correto,VP,1,1,0.977039770397704,0.9193672839506173,0.947326575233552
42,correto,P-correto,VP,1,1,0.977039770397704,0.9193672839506173,0.947326575233552
41,correto,P-correto,VP,1,1,0.977039770397704,0.9193672839506173,0.947326575233552
42,correto,P-incorreto,FP,1,0,0.977039770397704,0.9193672839506173,0.947326575233552
43,correto,P-correto,VP,1,1,0.977039770397704,0.9193672839506173,0.947326575233552
42,correto,P-correto,VP,1,1,0.977039770397704,0.9193672839506173,0.947326575233552
42,correto,P-correto,VP,1,1,0.977039770397704,0.9193672839506173,0.947326575233552
41,correto,P-correto,VP,1,1,0.977039770397704,0.9193672839506173,0.947326575233552
42,correto,P-correto,VP,1,1,0.977039770397704,0.9193672839506173,0.947326575233552
42,correto,P-correto,VP,1,1,0.977039770397704,0.9193672839506173,0.947326575233552
42,correto,P-correto,VP,1,1,0.977039770397704,0.9193672839506173,0.947326575233552
42,correto,P-correto,VP,1,1,0.977039770397704,0.9193672839506173,0.947326575233552
42,correto,P-correto,VP,1,1,0.977039770397704,0.9193672839506173,0.947326575233552
42,correto,P-correto,VP,1,1,0.977039770397704,0.9193672839506173,0.947326575233552
43,correto,P-correto,VP,1,1,0.977039770397704,0.9193672839506173,0.947326575233552
43,correto,P-correto,VP,1,1,0.977039770397704,0.9193672839506173,0.947326575233552
42,correto,P-correto,VP,1,1,0.977039770397704,0.9193672839506173,0.947326575233552
41,correto,P-correto,VP,1,1,0.977039770397704,0.9193672839506173,0.947326575233552
42,correto,P-correto,VP,1,1,0.977039770397704,0.9193672839506173,0.947326575233552
42,correto,P-correto,VP,1,1,0.977039770397704,0.9193672839506173,0.947326575233552
42,correto,P-correto,VP,1,1,0.977039770397704,0.9193672839506173,0.947326575233552
42,correto,P-correto,VP,1,1,0.977039770397704,0.9193672839506173,0.947326575233552
42,correto,P-incorreto,FP,1,0,0.977039770397704,0.9193672839506173,0.947326575233552
42,correto,P-correto,VP,1,1,0.977039770397704,0.9193672839506173,0.947326575233552
42,correto,P-correto,VP,1,1,0.977039770397704,0.9193672839506173,0.947326575233552
43,correto,P-correto,VP,1,1,0.977039770397704,0.9193672839506173,0.947326575233552
42,correto,P-correto,VP,1,1,0.977039770397704,0.9193672839506173,0.947326575233552
41,correto,P-correto,VP,1,1,0.977039770397704,0.9193672839506173,0.947326575233552
42,correto,P-correto,VP,1,1,0.977039770397704,0.9193672839506173,0.947326575233552
41,correto,P-correto,VP,1,1,0.977039770397704,0.9193672839506173,0.947326575233552
42,correto,P-correto,VP,1,1,0.977039770397704,0.9193672839506173,0.947326575233552
42,correto,P-correto,VP,1,1,0.977039770397704,0.9193672839506173,0.947326575233552
42,correto,P-correto,VP,1,1,0.977039770397704,0.9193672839506173,0.947326575233552
42,correto,P-correto,VP,1,1,0.977039770397704,0.9193672839506173,0.947326575233552
42,correto,P-correto,VP,1,1,0.977039770397704,0.9193672839506173,0.947326575233552
41,correto,P-correto,VP,1,1,0.977039770397704,0.9193672839506173,0.947326575233552
42,correto,P-incorreto,FP,1,0,0.977039770397704,0.9193672839506173,0.947326575233552
41,correto,P-correto,VP,1,1,0.977039770397704,0.9193672839506173,0.947326575233552
43,correto,P-correto,VP,1,1,0.977039770397704,0.9193672839506173,0.947326575233552
42,correto,P-correto,VP,1,1,0.977039770397704,0.9193672839506173,0.947326575233552
41,correto,P-correto,VP,1,1,0.977039770397704,0.9193672839506173,0.947326575233552
43,correto,P-incorreto,FP,1,0,0.977039770397704,0.9193672839506173,0.947326575233552
40,correto,P-incorreto,FP,1,0,0.977039770397704,0.9193672839506173,0.947326575233552
42,correto,P-incorreto,FP,1,0,0.977039770397704,0.9193672839506173,0.947326575233552
42,correto,P-correto,VP,1,1,0.977039770397704,0.9193672839506173,0.947326575233552
43,correto,P-correto,VP,1,1,0.977039770397704,0.9193672839506173,0.947326575233552
41,correto,P-correto,VP,1,1,0.977039770397704,0.9193672839506173,0.947326575233552
42,correto,P-correto,VP,1,1,0.977039770397704,0.9193672839506173,0.947326575233552
51,incorreto,P-incorreto,VN,0,0,0.977039770397704,0.9193672839506173,0.947326575233552
42,correto,P-correto,VP,1,1,0.977039770397704,0.9193672839506173,0.947326575233552
43,incorreto,P-correto,FN,0,1,0.977039770397704,0.9193672839506173,0.947326575233552
42,correto,P-correto,VP,1,1,0.977039770397704,0.9193672839506173,0.947326575233552
48,incorreto,P-incorreto,VN,0,0,0.977039770397704,0.9193672839506173,0.947326575233552
44,incorreto,P-correto,FN,0,1,0.977039770397704,0.9193672839506173,0.947326575233552
42,correto,P-correto,VP,1,1,0.977039770397704,0.9193672839506173,0.947326575233552
42,correto,P-incorreto,FP,1,0,0.977039770397704,0.9193672839506173,0.947326575233552
42,correto,P-correto,VP,1,1,0.977039770397704,0.9193672839506173,0.947326575233552
42,correto,P-correto,VP,1,1,0.977039770397704,0.9193672839506173,0.947326575233552
41,correto,P-correto,VP,1,1,0.977039770397704,0.9193672839506173,0.947326575233552
41,correto,P-correto,VP,1,1,0.977039770397704,0.9193672839506173,0.947326575233552
41,correto,P-correto,VP,1,1,0.977039770397704,0.9193672839506173,0.947326575233552
42,correto,P-correto,VP,1,1,0.977039770397704,0.9193672839506173,0.947326575233552
41,correto,P-correto,VP,1,1,0.977039770397704,0.9193672839506173,0.947326575233552
42,correto,P-correto,VP,1,1,0.977039770397704,0.9193672839506173,0.947326575233552
42,correto,P-correto,VP,1,1,0.977039770397704,0.9193672839506173,0.947326575233552
42,correto,P-correto,VP,1,1,0.977039770397704,0.9193672839506173,0.947326575233552
41,correto,P-correto,VP,1,1,0.977039770397704,0.9193672839506173,0.947326575233552
58,incorreto,P-incorreto,VN,0,0,0.977039770397704,0.9193672839506173,0.947326575233552
43,correto,P-correto,VP,1,1,0.977039770397704,0.9193672839506173,0.947326575233552
42,correto,P-correto,VP,1,1,0.977039770397704,0.9193672839506173,0.947326575233552
42,correto,P-correto,VP,1,1,0.977039770397704,0.9193672839506173,0.947326575233552
42,correto,P-correto,VP,1,1,0.977039770397704,0.9193672839506173,0.947326575233552
42,correto,P-correto,VP,1,1,0.977039770397704,0.9193672839506173,0.947326575233552
42,correto,P-correto,VP,1,1,0.977039770397704,0.9193672839506173,0.947326575233552
42,correto,P-correto,VP,1,1,0.977039770397704,0.9193672839506173,0.947326575233552
42,correto,P-incorreto,FP,1,0,0.977039770397704,0.9193672839506173,0.947326575233552
42,correto,P-correto,VP,1,1,0.977039770397704,0.9193672839506173,0.947326575233552
42,correto,P-correto,VP,1,1,0.977039770397704,0.9193672839506173,0.947326575233552
42,correto,P-correto,VP,1,1,0.977039770397704,0.9193672839506173,0.947326575233552
42,correto,P-correto,VP,1,1,0.977039770397704,0.9193672839506173,0.947326575233552
42,correto,P-correto,VP,1,1,0.977039770397704,0.9193672839506173,0.947326575233552
42,correto,P-correto,VP,1,1,0.977039770397704,0.9193672839506173,0.947326575233552
41,correto,P-correto,VP,1,1,0.977039770397704,0.9193672839506173,0.947326575233552
42,correto,P-correto,VP,1,1,0.977039770397704,0.9193672839506173,0.947326575233552
42,correto,P-correto,VP,1,1,0.977039770397704,0.9193672839506173,0.947326575233552
42,correto,P-correto,VP,1,1,0.977039770397704,0.9193672839506173,0.947326575233552
41,correto,P-correto,VP,1,1,0.977039770397704,0.9193672839506173,0.947326575233552
42,correto,P-correto,VP,1,1,0.977039770397704,0.9193672839506173,0.947326575233552
58,incorreto,P-incorreto,VN,0,0,0.977039770397704,0.9193672839506173,0.947326575233552
43,correto,P-correto,VP,1,1,0.977039770397704,0.9193672839506173,0.947326575233552
42,correto,P-incorreto,FP,1,0,0.977039770397704,0.9193672839506173,0.947326575233552
42,correto,P-correto,VP,1,1,0.977039770397704,0.9193672839506173,0.947326575233552
42,correto,P-correto,VP,1,1,0.977039770397704,0.9193672839506173,0.947326575233552
42,correto,P-correto,VP,1,1,0.977039770397704,0.9193672839506173,0.947326575233552
43,correto,P-correto,VP,1,1,0.977039770397704,0.9193672839506173,0.947326575233552
42,correto,P-incorreto,FP,1,0,0.977039770397704,0.9193672839506173,0.947326575233552
42,correto,P-correto,VP,1,1,0.977039770397704,0.9193672839506173,0.947326575233552
43,correto,P-correto,VP,1,1,0.977039770397704,0.9193672839506173,0.947326575233552
42,correto,P-correto,VP,1,1,0.977039770397704,0.9193672839506173,0.947326575233552
38,incorreto,P-incorreto,VN,0,0,0.977039770397704,0.9193672839506173,0.947326575233552
43,correto,P-incorreto,FP,1,0,0.977039770397704,0.9193672839506173,0.947326575233552
42,correto,P-correto,VP,1,1,0.977039770397704,0.9193672839506173,0.947326575233552
41,correto,P-correto,VP,1,1,0.977039770397704,0.9193672839506173,0.947326575233552
42,correto,P-correto,VP,1,1,0.977039770397704,0.9193672839506173,0.947326575233552
42,correto,P-correto,VP,1,1,0.977039770397704,0.9193672839506173,0.947326575233552
42,correto,P-correto,VP,1,1,0.977039770397704,0.9193672839506173,0.947326575233552
41,correto,P-correto,VP,1,1,0.977039770397704,0.9193672839506173,0.947326575233552
43,correto,P-incorreto,FP,1,0,0.977039770397704,0.9193672839506173,0.947326575233552
42,correto,P-correto,VP,1,1,0.977039770397704,0.9193672839506173,0.947326575233552
42,correto,P-correto,VP,1,1,0.977039770397704,0.9193672839506173,0.947326575233552
41,correto,P-correto,VP,1,1,0.977039770397704,0.9193672839506173,0.947326575233552
42,correto,P-incorreto,FP,1,0,0.977039770397704,0.9193672839506173,0.947326575233552
42,correto,P-correto,VP,1,1,0.977039770397704,0.9193672839506173,0.947326575233552
42,correto,P-correto,VP,1,1,0.977039770397704,0.9193672839506173,0.947326575233552
42,correto,P-incorreto,FP,1,0,0.977039770397704,0.9193672839506173,0.947326575233552
41,correto,P-correto,VP,1,1,0.977039770397704,0.9193672839506173,0.947326575233552
42,correto,P-correto,VP,1,1,0.977039770397704,0.9193672839506173,0.947326575233552
48,incorreto,P-incorreto,VN,0,0,0.977039770397704,0.9193672839506173,0.947326575233552
41,correto,P-correto,VP,1,1,0.977039770397704,0.9193672839506173,0.947326575233552
42,correto,P-correto,VP,1,1,0.977039770397704,0.9193672839506173,0.947326575233552
53,incorreto,P-incorreto,VN,0,0,0.977039770397704,0.9193672839506173,0.947326575233552
42,correto,P-correto,VP,1,1,0.977039770397704,0.9193672839506173,0.947326575233552
42,correto,P-correto,VP,1,1,0.977039770397704,0.9193672839506173,0.947326575233552
42,correto,P-correto,VP,1,1,0.977039770397704,0.9193672839506173,0.947326575233552
42,correto,P-correto,VP,1,1,0.977039770397704,0.9193672839506173,0.947326575233552
42,correto,P-correto,VP,1,1,0.977039770397704,0.9193672839506173,0.947326575233552
43,correto,P-correto,VP,1,1,0.977039770397704,0.9193672839506173,0.947326575233552
41,correto,P-correto,VP,1,1,0.977039770397704,0.9193672839506173,0.947326575233552
52,incorreto,P-incorreto,VN,0,0,0.977039770397704,0.9193672839506173,0.947326575233552
41,correto,P-correto,VP,1,1,0.977039770397704,0.9193672839506173,0.947326575233552
42,correto,P-correto,VP,1,1,0.977039770397704,0.9193672839506173,0.947326575233552
42,correto,P-incorreto,FP,1,0,0.977039770397704,0.9193672839506173,0.947326575233552
32,incorreto,P-incorreto,VN,0,0,0.977039770397704,0.9193672839506173,0.947326575233552
42,correto,P-correto,VP,1,1,0.977039770397704,0.9193672839506173,0.947326575233552
42,correto,P-correto,VP,1,1,0.977039770397704,0.9193672839506173,0.947326575233552
42,correto,P-correto,VP,1,1,0.977039770397704,0.9193672839506173,0.947326575233552
42,correto,P-correto,VP,1,1,0.977039770397704,0.9193672839506173,0.947326575233552
43,correto,P-correto,VP,1,1,0.977039770397704,0.9193672839506173,0.947326575233552
42,correto,P-correto,VP,1,1,0.977039770397704,0.9193672839506173,0.947326575233552
43,correto,P-correto,VP,1,1,0.977039770397704,0.9193672839506173,0.947326575233552
42,correto,P-correto,VP,1,1,0.977039770397704,0.9193672839506173,0.947326575233552
42,correto,P-incorreto,FP,1,0,0.977039770397704,0.9193672839506173,0.947326575233552
42,correto,P-correto,VP,1,1,0.977039770397704,0.9193672839506173,0.947326575233552
42,correto,P-incorreto,FP,1,0,0.977039770397704,0.9193672839506173,0.947326575233552
41,correto,P-correto,VP,1,1,0.977039770397704,0.9193672839506173,0.947326575233552
47,incorreto,P-incorreto,VN,0,0,0.977039770397704,0.9193672839506173,0.947326575233552
40,incorreto,P-incorreto,VN,0,0,0.977039770397704,0.9193672839506173,0.947326575233552
42,correto,P-correto,VP,1,1,0.977039770397704,0.9193672839506173,0.947326575233552
42,correto,P-correto,VP,1,1,0.977039770397704,0.9193672839506173,0.947326575233552
42,correto,P-correto,VP,1,1,0.977039770397704,0.9193672839506173,0.947326575233552
41,correto,P-correto,VP,1,1,0.977039770397704,0.9193672839506173,0.947326575233552
40,incorreto,P-correto,FN,0,1,0.977039770397704,0.9193672839506173,0.947326575233552
42,correto,P-correto,VP,1,1,0.977039770397704,0.9193672839506173,0.947326575233552
42,correto,P-correto,VP,1,1,0.977039770397704,0.9193672839506173,0.947326575233552
42,correto,P-correto,VP,1,1,0.977039770397704,0.9193672839506173,0.947326575233552
41,correto,P-correto,VP,1,1,0.977039770397704,0.9193672839506173,0.947326575233552
42,correto,P-correto,VP,1,1,0.977039770397704,0.9193672839506173,0.947326575233552
43,correto,P-correto,VP,1,1,0.977039770397704,0.9193672839506173,0.947326575233552
42,incorreto,P-correto,FN,0,1,0.977039770397704,0.9193672839506173,0.947326575233552
42,correto,P-correto,VP,1,1,0.977039770397704,0.9193672839506173,0.947326575233552
42,correto,P-incorreto,FP,1,0,0.977039770397704,0.9193672839506173,0.947326575233552
43,correto,P-correto,VP,1,1,0.977039770397704,0.9193672839506173,0.947326575233552
42,correto,P-correto,VP,1,1,0.977039770397704,0.9193672839506173,0.947326575233552
42,correto,P-correto,VP,1,1,0.977039770397704,0.9193672839506173,0.947326575233552
42,correto,P-correto,VP,1,1,0.977039770397704,0.9193672839506173,0.947326575233552
43,correto,P-correto,VP,1,1,0.977039770397704,0.9193672839506173,0.947326575233552
42,correto,P-correto,VP,1,1,0.977039770397704,0.9193672839506173,0.947326575233552
42,correto,P-correto,VP,1,1,0.977039770397704,0.9193672839506173,0.947326575233552
42,correto,P-correto,VP,1,1,0.977039770397704,0.9193672839506173,0.947326575233552
42,correto,P-correto,VP,1,1,0.977039770397704,0.9193672839506173,0.947326575233552
42,correto,P-correto,VP,1,1,0.977039770397704,0.9193672839506173,0.947326575233552
41,correto,P-incorreto,FP,1,0,0.977039770397704,0.9193672839506173,0.947326575233552
42,correto,P-correto,VP,1,1,0.977039770397704,0.9193672839506173,0.947326575233552
42,correto,P-correto,VP,1,1,0.977039770397704,0.9193672839506173,0.947326575233552
43,correto,P-correto,VP,1,1,0.977039770397704,0.9193672839506173,0.947326575233552
42,correto,P-correto,VP,1,1,0.977039770397704,0.9193672839506173,0.947326575233552
42,correto,P-correto,VP,1,1,0.977039770397704,0.9193672839506173,0.947326575233552
42,correto,P-correto,VP,1,1,0.977039770397704,0.9193672839506173,0.947326575233552
42,correto,P-correto,VP,1,1,0.977039770397704,0.9193672839506173,0.947326575233552
42,correto,P-correto,VP,1,1,0.977039770397704,0.9193672839506173,0.947326575233552
42,correto,P-incorreto,FP,1,0,0.977039770397704,0.9193672839506173,0.947326575233552
43,correto,P-correto,VP,1,1,0.977039770397704,0.9193672839506173,0.947326575233552
42,correto,P-correto,VP,1,1,0.977039770397704,0.9193672839506173,0.947326575233552
42,correto,P-correto,VP,1,1,0.977039770397704,0.9193672839506173,0.947326575233552
43,correto,P-correto,VP,1,1,0.977039770397704,0.9193672839506173,0.947326575233552
41,correto,P-correto,VP,1,1,0.977039770397704,0.9193672839506173,0.947326575233552
42,correto,P-correto,VP,1,1,0.977039770397704,0.9193672839506173,0.947326575233552
43,correto,P-correto,VP,1,1,0.977039770397704,0.9193672839506173,0.947326575233552
42,correto,P-correto,VP,1,1,0.977039770397704,0.9193672839506173,0.947326575233552
42,correto,P-correto,VP,1,1,0.977039770397704,0.9193672839506173,0.947326575233552
42,correto,P-correto,VP,1,1,0.977039770397704,0.9193672839506173,0.947326575233552
42,correto,P-correto,VP,1,1,0.977039770397704,0.9193672839506173,0.947326575233552
42,correto,P-correto,VP,1,1,0.977039770397704,0.9193672839506173,0.947326575233552
42,correto,P-correto,VP,1,1,0.977039770397704,0.9193672839506173,0.947326575233552
42,correto,P-correto,VP,1,1,0.977039770397704,0.9193672839506173,0.947326575233552
42,correto,P-correto,VP,1,1,0.977039770397704,0.9193672839506173,0.947326575233552
42,correto,P-correto,VP,1,1,0.977039770397704,0.9193672839506173,0.947326575233552
42,correto,P-correto,VP,1,1,0.977039770397704,0.9193672839506173,0.947326575233552
42,correto,P-correto,VP,1,1,0.977039770397704,0.9193672839506173,0.947326575233552
41,correto,P-correto,VP,1,1,0.977039770397704,0.9193672839506173,0.947326575233552
43,correto,P-correto,VP,1,1,0.977039770397704,0.9193672839506173,0.947326575233552
42,correto,P-correto,VP,1,1,0.977039770397704,0.9193672839506173,0.947326575233552
39,incorreto,P-correto,FN,0,1,0.977039770397704,0.9193672839506173,0.947326575233552
41,correto,P-correto,VP,1,1,0.977039770397704,0.9193672839506173,0.947326575233552
43,correto,P-correto,VP,1,1,0.977039770397704,0.9193672839506173,0.947326575233552
42,correto,P-correto,VP,1,1,0.977039770397704,0.9193672839506173,0.947326575233552
42,correto,P-correto,VP,1,1,0.977039770397704,0.9193672839506173,0.947326575233552
42,correto,P-incorreto,FP,1,0,0.977039770397704,0.9193672839506173,0.947326575233552
42,correto,P-correto,VP,1,1,0.977039770397704,0.9193672839506173,0.947326575233552
42,correto,P-correto,VP,1,1,0.977039770397704,0.9193672839506173,0.947326575233552
42,correto,P-correto,VP,1,1,0.977039770397704,0.9193672839506173,0.947326575233552
42,correto,P-correto,VP,1,1,0.977039770397704,0.9193672839506173,0.947326575233552
42,correto,P-correto,VP,1,1,0.977039770397704,0.9193672839506173,0.947326575233552
42,correto,P-correto,VP,1,1,0.977039770397704,0.9193672839506173,0.947326575233552
43,correto,P-correto,VP,1,1,0.977039770397704,0.9193672839506173,0.947326575233552
42,correto,P-correto,VP,1,1,0.977039770397704,0.9193672839506173,0.947326575233552
42,correto,P-incorreto,FP,1,0,0.977039770397704,0.9193672839506173,0.947326575233552
43,correto,P-correto,VP,1,1,0.977039770397704,0.9193672839506173,0.947326575233552
42,correto,P-correto,VP,1,1,0.977039770397704,0.9193672839506173,0.947326575233552
42,correto,P-correto,VP,1,1,0.977039770397704,0.9193672839506173,0.947326575233552
26,incorreto,P-incorreto,VN,0,0,0.977039770397704,0.9193672839506173,0.947326575233552
42,correto,P-correto,VP,1,1,0.977039770397704,0.9193672839506173,0.947326575233552
42,correto,P-correto,VP,1,1,0.977039770397704,0.9193672839506173,0.947326575233552
41,correto,P-correto,VP,1,1,0.977039770397704,0.9193672839506173,0.947326575233552
42,correto,P-correto,VP,1,1,0.977039770397704,0.9193672839506173,0.947326575233552
40,correto,P-correto,VP,1,1,0.977039770397704,0.9193672839506173,0.947326575233552
42,correto,P-incorreto,FP,1,0,0.977039770397704,0.9193672839506173,0.947326575233552
41,correto,P-correto,VP,1,1,0.977039770397704,0.9193672839506173,0.947326575233552
42,correto,P-correto,VP,1,1,0.977039770397704,0.9193672839506173,0.947326575233552
42,correto,P-correto,VP,1,1,0.977039770397704,0.9193672839506173,0.947326575233552
43,correto,P-correto,VP,1,1,0.977039770397704,0.9193672839506173,0.947326575233552
42,correto,P-correto,VP,1,1,0.977039770397704,0.9193672839506173,0.947326575233552
42,correto,P-correto,VP,1,1,0.977039770397704,0.9193672839506173,0.947326575233552
42,correto,P-correto,VP,1,1,0.977039770397704,0.9193672839506173,0.947326575233552
42,correto,P-correto,VP,1,1,0.977039770397704,0.9193672839506173,0.947326575233552
42,correto,P-correto,VP,1,1,0.977039770397704,0.9193672839506173,0.947326575233552
42,correto,P-correto,VP,1,1,0.977039770397704,0.9193672839506173,0.947326575233552
42,correto,P-correto,VP,1,1,0.977039770397704,0.9193672839506173,0.947326575233552
42,correto,P-correto,VP,1,1,0.977039770397704,0.9193672839506173,0.947326575233552
41,correto,P-correto,VP,1,1,0.977039770397704,0.9193672839506173,0.947326575233552
42,correto,P-correto,VP,1,1,0.977039770397704,0.9193672839506173,0.947326575233552
42,correto,P-correto,VP,1,1,0.977039770397704,0.9193672839506173,0.947326575233552
42,correto,P-correto,VP,1,1,0.977039770397704,0.9193672839506173,0.947326575233552
42,correto,P-correto,VP,1,1,0.977039770397704,0.9193672839506173,0.947326575233552
42,correto,P-correto,VP,1,1,0.977039770397704,0.9193672839506173,0.947326575233552
42,correto,P-correto,VP,1,1,0.977039770397704,0.9193672839506173,0.947326575233552
42,correto,P-correto,VP,1,1,0.977039770397704,0.9193672839506173,0.947326575233552
42,correto,P-incorreto,FP,1,0,0.977039770397704,0.9193672839506173,0.947326575233552
43,correto,P-correto,VP,1,1,0.977039770397704,0.9193672839506173,0.947326575233552
42,correto,P-correto,VP,1,1,0.977039770397704,0.9193672839506173,0.947326575233552
42,correto,P-correto,VP,1,1,0.977039770397704,0.9193672839506173,0.947326575233552
42,correto,P-correto,VP,1,1,0.977039770397704,0.9193672839506173,0.947326575233552
42,correto,P-correto,VP,1,1,0.977039770397704,0.9193672839506173,0.947326575233552
42,correto,P-correto,VP,1,1,0.977039770397704,0.9193672839506173,0.947326575233552
42,correto,P-correto,VP,1,1,0.977039770397704,0.9193672839506173,0.947326575233552
43,correto,P-correto,VP,1,1,0.977039770397704,0.9193672839506173,0.947326575233552
42,correto,P-correto,VP,1,1,0.977039770397704,0.9193672839506173,0.947326575233552
41,correto,P-correto,VP,1,1,0.977039770397704,0.9193672839506173,0.947326575233552
42,correto,P-incorreto,FP,1,0,0.977039770397704,0.9193672839506173,0.947326575233552
42,correto,P-correto,VP,1,1,0.977039770397704,0.9193672839506173,0.947326575233552
37,incorreto,P-incorreto,VN,0,0,0.977039770397704,0.9193672839506173,0.947326575233552
42,correto,P-correto,VP,1,1,0.977039770397704,0.9193672839506173,0.947326575233552
43,correto,P-correto,VP,1,1,0.977039770397704,0.9193672839506173,0.947326575233552
43,correto,P-correto,VP,1,1,0.977039770397704,0.9193672839506173,0.947326575233552
43,correto,P-correto,VP,1,1,0.977039770397704,0.9193672839506173,0.947326575233552
37,incorreto,P-incorreto,VN,0,0,0.977039770397704,0.9193672839506173,0.947326575233552
42,correto,P-correto,VP,1,1,0.977039770397704,0.9193672839506173,0.947326575233552
41,correto,P-correto,VP,1,1,0.977039770397704,0.9193672839506173,0.947326575233552
42,correto,P-correto,VP,1,1,0.977039770397704,0.9193672839506173,0.947326575233552
42,correto,P-correto,VP,1,1,0.977039770397704,0.9193672839506173,0.947326575233552
42,correto,P-incorreto,FP,1,0,0.977039770397704,0.9193672839506173,0.947326575233552
39,incorreto,P-incorreto,VN,0,0,0.977039770397704,0.9193672839506173,0.947326575233552
42,correto,P-correto,VP,1,1,0.977039770397704,0.9193672839506173,0.947326575233552
42,correto,P-correto,VP,1,1,0.977039770397704,0.9193672839506173,0.947326575233552
42,correto,P-correto,VP,1,1,0.977039770397704,0.9193672839506173,0.947326575233552
43,correto,P-correto,VP,1,1,0.977039770397704,0.9193672839506173,0.947326575233552
41,correto,P-correto,VP,1,1,0.977039770397704,0.9193672839506173,0.947326575233552
42,correto,P-correto,VP,1,1,0.977039770397704,0.9193672839506173,0.947326575233552
42,correto,P-correto,VP,1,1,0.977039770397704,0.9193672839506173,0.947326575233552
42,correto,P-correto,VP,1,1,0.977039770397704,0.9193672839506173,0.947326575233552
27,incorreto,P-incorreto,VN,0,0,0.977039770397704,0.9193672839506173,0.947326575233552
42,correto,P-correto,VP,1,1,0.977039770397704,0.9193672839506173,0.947326575233552
42,correto,P-correto,VP,1,1,0.977039770397704,0.9193672839506173,0.947326575233552
42,correto,P-correto,VP,1,1,0.977039770397704,0.9193672839506173,0.947326575233552
42,correto,P-correto,VP,1,1,0.977039770397704,0.9193672839506173,0.947326575233552
42,correto,P-correto,VP,1,1,0.977039770397704,0.9193672839506173,0.947326575233552
42,correto,P-correto,VP,1,1,0.977039770397704,0.9193672839506173,0.947326575233552
42,correto,P-correto,VP,1,1,0.977039770397704,0.9193672839506173,0.947326575233552
42,correto,P-correto,VP,1,1,0.977039770397704,0.9193672839506173,0.947326575233552
41,correto,P-correto,VP,1,1,0.977039770397704,0.9193672839506173,0.947326575233552
43,correto,P-correto,VP,1,1,0.977039770397704,0.9193672839506173,0.947326575233552
43,correto,P-correto,VP,1,1,0.977039770397704,0.9193672839506173,0.947326575233552
42,correto,P-correto,VP,1,1,0.977039770397704,0.9193672839506173,0.947326575233552
41,correto,P-correto,VP,1,1,0.977039770397704,0.9193672839506173,0.947326575233552
42,correto,P-correto,VP,1,1,0.977039770397704,0.9193672839506173,0.947326575233552
42,correto,P-correto,VP,1,1,0.977039770397704,0.9193672839506173,0.947326575233552
19,incorreto,P-incorreto,VN,0,0,0.977039770397704,0.9193672839506173,0.947326575233552
45,incorreto,P-incorreto,VN,0,0,0.977039770397704,0.9193672839506173,0.947326575233552
42,correto,P-correto,VP,1,1,0.977039770397704,0.9193672839506173,0.947326575233552
41,correto,P-correto,VP,1,1,0.977039770397704,0.9193672839506173,0.947326575233552
41,correto,P-correto,VP,1,1,0.977039770397704,0.9193672839506173,0.947326575233552
25,incorreto,P-incorreto,VN,0,0,0.977039770397704,0.9193672839506173,0.947326575233552
42,correto,P-correto,VP,1,1,0.977039770397704,0.9193672839506173,0.947326575233552
41,correto,P-incorreto,FP,1,0,0.977039770397704,0.9193672839506173,0.947326575233552
42,correto,P-correto,VP,1,1,0.977039770397704,0.9193672839506173,0.947326575233552
43,correto,P-correto,VP,1,1,0.977039770397704,0.9193672839506173,0.947326575233552
43,correto,P-correto,VP,1,1,0.977039770397704,0.9193672839506173,0.947326575233552
42,correto,P-correto,VP,1,1,0.977039770397704,0.9193672839506173,0.947326575233552
42,correto,P-correto,VP,1,1,0.977039770397704,0.9193672839506173,0.947326575233552
42,correto,P-correto,VP,1,1,0.977039770397704,0.9193672839506173,0.947326575233552
43,correto,P-correto,VP,1,1,0.977039770397704,0.9193672839506173,0.947326575233552
42,correto,P-correto,VP,1,1,0.977039770397704,0.9193672839506173,0.947326575233552
42,correto,P-correto,VP,1,1,0.977039770397704,0.9193672839506173,0.947326575233552
43,correto,P-correto,VP,1,1,0.977039770397704,0.9193672839506173,0.947326575233552
41,correto,P-correto,VP,1,1,0.977039770397704,0.9193672839506173,0.947326575233552
42,correto,P-correto,VP,1,1,0.977039770397704,0.9193672839506173,0.947326575233552
42,correto,P-correto,VP,1,1,0.977039770397704,0.9193672839506173,0.947326575233552
42,correto,P-correto,VP,1,1,0.977039770397704,0.9193672839506173,0.947326575233552
42,correto,P-correto,VP,1,1,0.977039770397704,0.9193672839506173,0.947326575233552
42,correto,P-incorreto,FP,1,0,0.977039770397704,0.9193672839506173,0.947326575233552
41,correto,P-incorreto,FP,1,0,0.977039770397704,0.9193672839506173,0.947326575233552
42,correto,P-correto,VP,1,1,0.977039770397704,0.9193672839506173,0.947326575233552
42,correto,P-correto,VP,1,1,0.977039770397704,0.9193672839506173,0.947326575233552
42,correto,P-correto,VP,1,1,0.977039770397704,0.9193672839506173,0.947326575233552
43,correto,P-correto,VP,1,1,0.977039770397704,0.9193672839506173,0.947326575233552
46,incorreto,P-incorreto,VN,0,0,0.977039770397704,0.9193672839506173,0.947326575233552
42,correto,P-correto,VP,1,1,0.977039770397704,0.9193672839506173,0.947326575233552
42,correto,P-correto,VP,1,1,0.977039770397704,0.9193672839506173,0.947326575233552
42,correto,P-correto,VP,1,1,0.977039770397704,0.9193672839506173,0.947326575233552
42,correto,P-correto,VP,1,1,0.977039770397704,0.9193672839506173,0.947326575233552
45,incorreto,P-incorreto,VN,0,0,0.977039770397704,0.9193672839506173,0.947326575233552
42,correto,P-correto,VP,1,1,0.977039770397704,0.9193672839506173,0.947326575233552
42,correto,P-correto,VP,1,1,0.977039770397704,0.9193672839506173,0.947326575233552
42,correto,P-correto,VP,1,1,0.977039770397704,0.9193672839506173,0.947326575233552
42,correto,P-correto,VP,1,1,0.977039770397704,0.9193672839506173,0.947326575233552
42,correto,P-correto,VP,1,1,0.977039770397704,0.9193672839506173,0.947326575233552
42,correto,P-correto,VP,1,1,0.977039770397704,0.9193672839506173,0.947326575233552
42,correto,P-correto,VP,1,1,0.977039770397704,0.9193672839506173,0.947326575233552
42,correto,P-correto,VP,1,1,0.977039770397704,0.9193672839506173,0.947326575233552
38,incorreto,P-incorreto,VN,0,0,0.977039770397704,0.9193672839506173,0.947326575233552
42,correto,P-correto,VP,1,1,0.977039770397704,0.9193672839506173,0.947326575233552
41,correto,P-correto,VP,1,1,0.977039770397704,0.9193672839506173,0.947326575233552
42,correto,P-correto,VP,1,1,0.977039770397704,0.9193672839506173,0.947326575233552
42,correto,P-correto,VP,1,1,0.977039770397704,0.9193672839506173,0.947326575233552
43,correto,P-correto,VP,1,1,0.977039770397704,0.9193672839506173,0.947326575233552
42,correto,P-correto,VP,1,1,0.977039770397704,0.9193672839506173,0.947326575233552
42,correto,P-correto,VP,1,1,0.977039770397704,0.9193672839506173,0.947326575233552
42,correto,P-correto,VP,1,1,0.977039770397704,0.9193672839506173,0.947326575233552
41,correto,P-correto,VP,1,1,0.977039770397704,0.9193672839506173,0.947326575233552
42,correto,P-correto,VP,1,1,0.977039770397704,0.9193672839506173,0.947326575233552
41,correto,P-correto,VP,1,1,0.977039770397704,0.9193672839506173,0.947326575233552
42,correto,P-correto,VP,1,1,0.977039770397704,0.9193672839506173,0.947326575233552
41,correto,P-correto,VP,1,1,0.977039770397704,0.9193672839506173,0.947326575233552
41,correto,P-correto,VP,1,1,0.977039770397704,0.9193672839506173,0.947326575233552
41,correto,P-correto,VP,1,1,0.977039770397704,0.9193672839506173,0.947326575233552
44,incorreto,P-correto,FN,0,1,0.977039770397704,0.9193672839506173,0.947326575233552
24,incorreto,P-incorreto,VN,0,0,0.977039770397704,0.9193672839506173,0.947326575233552
42,correto,P-correto,VP,1,1,0.977039770397704,0.9193672839506173,0.947326575233552
41,correto,P-correto,VP,1,1,0.977039770397704,0.9193672839506173,0.947326575233552
42,correto,P-correto,VP,1,1,0.977039770397704,0.9193672839506173,0.947326575233552
41,correto,P-correto,VP,1,1,0.977039770397704,0.9193672839506173,0.947326575233552
38,incorreto,P-incorreto,VN,0,0,0.977039770397704,0.9193672839506173,0.947326575233552
40,incorreto,P-correto,FN,0,1,0.977039770397704,0.9193672839506173,0.947326575233552
42,correto,P-correto,VP,1,1,0.977039770397704,0.9193672839506173,0.947326575233552
42,correto,P-correto,VP,1,1,0.977039770397704,0.9193672839506173,0.947326575233552
41,correto,P-correto,VP,1,1,0.977039770397704,0.9193672839506173,0.947326575233552
43,correto,P-correto,VP,1,1,0.977039770397704,0.9193672839506173,0.947326575233552
41,correto,P-correto,VP,1,1,0.977039770397704,0.9193672839506173,0.947326575233552
43,correto,P-correto,VP,1,1,0.977039770397704,0.9193672839506173,0.947326575233552
43,correto,P-correto,VP,1,1,0.977039770397704,0.9193672839506173,0.947326575233552
43,correto,P-correto,VP,1,1,0.977039770397704,0.9193672839506173,0.947326575233552
43,correto,P-correto,VP,1,1,0.977039770397704,0.9193672839506173,0.947326575233552
42,correto,P-incorreto,FP,1,0,0.977039770397704,0.9193672839506173,0.947326575233552
42,correto,P-correto,VP,1,1,0.977039770397704,0.9193672839506173,0.947326575233552
28,incorreto,P-incorreto,VN,0,0,0.977039770397704,0.9193672839506173,0.947326575233552
43,correto,P-correto,VP,1,1,0.977039770397704,0.9193672839506173,0.947326575233552
42,correto,P-correto,VP,1,1,0.977039770397704,0.9193672839506173,0.947326575233552
42,correto,P-correto,VP,1,1,0.977039770397704,0.9193672839506173,0.947326575233552
41,correto,P-correto,VP,1,1,0.977039770397704,0.9193672839506173,0.947326575233552
42,correto,P-incorreto,FP,1,0,0.977039770397704,0.9193672839506173,0.947326575233552
51,incorreto,P-incorreto,VN,0,0,0.977039770397704,0.9193672839506173,0.947326575233552
42,correto,P-correto,VP,1,1,0.977039770397704,0.9193672839506173,0.947326575233552
43,correto,P-correto,VP,1,1,0.977039770397704,0.9193672839506173,0.947326575233552
42,correto,P-correto,VP,1,1,0.977039770397704,0.9193672839506173,0.947326575233552
42,correto,P-correto,VP,1,1,0.977039770397704,0.9193672839506173,0.947326575233552
41,correto,P-correto,VP,1,1,0.977039770397704,0.9193672839506173,0.947326575233552
42,correto,P-correto,VP,1,1,0.977039770397704,0.9193672839506173,0.947326575233552
42,correto,P-correto,VP,1,1,0.977039770397704,0.9193672839506173,0.947326575233552
43,correto,P-correto,VP,1,1,0.977039770397704,0.9193672839506173,0.947326575233552
41,correto,P-correto,VP,1,1,0.977039770397704,0.9193672839506173,0.947326575233552
42,correto,P-correto,VP,1,1,0.977039770397704,0.9193672839506173,0.947326575233552
42,correto,P-correto,VP,1,1,0.977039770397704,0.9193672839506173,0.947326575233552
42,correto,P-correto,VP,1,1,0.977039770397704,0.9193672839506173,0.947326575233552
42,correto,P-correto,VP,1,1,0.977039770397704,0.9193672839506173,0.947326575233552
42,correto,P-correto,VP,1,1,0.977039770397704,0.9193672839506173,0.947326575233552
43,correto,P-correto,VP,1,1,0.977039770397704,0.9193672839506173,0.947326575233552
43,correto,P-correto,VP,1,1,0.977039770397704,0.9193672839506173,0.947326575233552
43,correto,P-correto,VP,1,1,0.977039770397704,0.9193672839506173,0.947326575233552
42,correto,P-correto,VP,1,1,0.977039770397704,0.9193672839506173,0.947326575233552
41,correto,P-correto,VP,1,1,0.977039770397704,0.9193672839506173,0.947326575233552
42,correto,P-correto,VP,1,1,0.977039770397704,0.9193672839506173,0.947326575233552
43,correto,P-correto,VP,1,1,0.977039770397704,0.9193672839506173,0.947326575233552
42,correto,P-correto,VP,1,1,0.977039770397704,0.9193672839506173,0.947326575233552
42,correto,P-correto,VP,1,1,0.977039770397704,0.9193672839506173,0.947326575233552
42,correto,P-correto,VP,1,1,0.977039770397704,0.9193672839506173,0.947326575233552
41,correto,P-correto,VP,1,1,0.977039770397704,0.9193672839506173,0.947326575233552
42,correto,P-correto,VP,1,1,0.977039770397704,0.9193672839506173,0.947326575233552
32,incorreto,P-incorreto,VN,0,0,0.977039770397704,0.9193672839506173,0.947326575233552
41,correto,P-correto,VP,1,1,0.977039770397704,0.9193672839506173,0.947326575233552
41,correto,P-correto,VP,1,1,0.977039770397704,0.9193672839506173,0.947326575233552
41,correto,P-correto,VP,1,1,0.977039770397704,0.9193672839506173,0.947326575233552
42,correto,P-correto,VP,1,1,0.977039770397704,0.9193672839506173,0.947326575233552
42,correto,P-correto,VP,1,1,0.977039770397704,0.9193672839506173,0.947326575233552
41,correto,P-incorreto,FP,1,0,0.977039770397704,0.9193672839506173,0.947326575233552
42,correto,P-correto,VP,1,1,0.977039770397704,0.9193672839506173,0.947326575233552
42,correto,P-correto,VP,1,1,0.977039770397704,0.9193672839506173,0.947326575233552
40,incorreto,P-correto,FN,0,1,0.977039770397704,0.9193672839506173,0.947326575233552
42,correto,P-correto,VP,1,1,0.977039770397704,0.9193672839506173,0.947326575233552
42,correto,P-incorreto,FP,1,0,0.977039770397704,0.9193672839506173,0.947326575233552
43,correto,P-correto,VP,1,1,0.977039770397704,0.9193672839506173,0.947326575233552
42,correto,P-correto,VP,1,1,0.977039770397704,0.9193672839506173,0.947326575233552
42,correto,P-correto,VP,1,1,0.977039770397704,0.9193672839506173,0.947326575233552
41,correto,P-correto,VP,1,1,0.977039770397704,0.9193672839506173,0.947326575233552
43,correto,P-correto,VP,1,1,0.977039770397704,0.9193672839506173,0.947326575233552
42,correto,P-incorreto,FP,1,0,0.977039770397704,0.9193672839506173,0.947326575233552
42,correto,P-correto,VP,1,1,0.977039770397704,0.9193672839506173,0.947326575233552
42,correto,P-correto,VP,1,1,0.977039770397704,0.9193672839506173,0.947326575233552
42,correto,P-correto,VP,1,1,0.977039770397704,0.9193672839506173,0.947326575233552
42,correto,P-correto,VP,1,1,0.977039770397704,0.9193672839506173,0.947326575233552
41,correto,P-correto,VP,1,1,0.977039770397704,0.9193672839506173,0.947326575233552
42,correto,P-correto,VP,1,1,0.977039770397704,0.9193672839506173,0.947326575233552
43,correto,P-correto,VP,1,1,0.977039770397704,0.9193672839506173,0.947326575233552
36,incorreto,P-incorreto,VN,0,0,0.977039770397704,0.9193672839506173,0.947326575233552
42,correto,P-correto,VP,1,1,0.977039770397704,0.9193672839506173,0.947326575233552
25,incorreto,P-incorreto,VN,0,0,0.977039770397704,0.9193672839506173,0.947326575233552
42,correto,P-correto,VP,1,1,0.977039770397704,0.9193672839506173,0.947326575233552
41,correto,P-correto,VP,1,1,0.977039770397704,0.9193672839506173,0.947326575233552
43,correto,P-correto,VP,1,1,0.977039770397704,0.9193672839506173,0.947326575233552
41,correto,P-correto,VP,1,1,0.977039770397704,0.9193672839506173,0.947326575233552
42,correto,P-correto,VP,1,1,0.977039770397704,0.9193672839506173,0.947326575233552
42,correto,P-correto,VP,1,1,0.977039770397704,0.9193672839506173,0.947326575233552
42,correto,P-correto,VP,1,1,0.977039770397704,0.9193672839506173,0.947326575233552
42,correto,P-correto,VP,1,1,0.977039770397704,0.9193672839506173,0.947326575233552
42,correto,P-correto,VP,1,1,0.977039770397704,0.9193672839506173,0.947326575233552
41,correto,P-correto,VP,1,1,0.977039770397704,0.9193672839506173,0.947326575233552
43,correto,P-correto,VP,1,1,0.977039770397704,0.9193672839506173,0.947326575233552
42,correto,P-correto,VP,1,1,0.977039770397704,0.9193672839506173,0.947326575233552
43,correto,P-correto,VP,1,1,0.977039770397704,0.9193672839506173,0.947326575233552
42,correto,P-correto,VP,1,1,0.977039770397704,0.9193672839506173,0.947326575233552
42,correto,P-correto,VP,1,1,0.977039770397704,0.9193672839506173,0.947326575233552
42,correto,P-correto,VP,1,1,0.977039770397704,0.9193672839506173,0.947326575233552
42,correto,P-correto,VP,1,1,0.977039770397704,0.9193672839506173,0.947326575233552
42,correto,P-correto,VP,1,1,0.977039770397704,0.9193672839506173,0.947326575233552
41,correto,P-correto,VP,1,1,0.977039770397704,0.9193672839506173,0.947326575233552
43,correto,P-correto,VP,1,1,0.977039770397704,0.9193672839506173,0.947326575233552
41,correto,P-correto,VP,1,1,0.977039770397704,0.9193672839506173,0.947326575233552
43,correto,P-correto,VP,1,1,0.977039770397704,0.9193672839506173,0.947326575233552
43,correto,P-correto,VP,1,1,0.977039770397704,0.9193672839506173,0.947326575233552
41,correto,P-correto,VP,1,1,0.977039770397704,0.9193672839506173,0.947326575233552
42,correto,P-correto,VP,1,1,0.977039770397704,0.9193672839506173,0.947326575233552
42,correto,P-correto,VP,1,1,0.977039770397704,0.9193672839506173,0.947326575233552
42,correto,P-correto,VP,1,1,0.977039770397704,0.9193672839506173,0.947326575233552
43,correto,P-correto,VP,1,1,0.977039770397704,0.9193672839506173,0.947326575233552
41,correto,P-correto,VP,1,1,0.977039770397704,0.9193672839506173,0.947326575233552
42,correto,P-correto,VP,1,1,0.977039770397704,0.9193672839506173,0.947326575233552
42,correto,P-correto,VP,1,1,0.977039770397704,0.9193672839506173,0.947326575233552
42,correto,P-correto,VP,1,1,0.977039770397704,0.9193672839506173,0.947326575233552
42,correto,P-correto,VP,1,1,0.977039770397704,0.9193672839506173,0.947326575233552
42,correto,P-correto,VP,1,1,0.977039770397704,0.9193672839506173,0.947326575233552
42,correto,P-correto,VP,1,1,0.977039770397704,0.9193672839506173,0.947326575233552
43,correto,P-correto,VP,1,1,0.977039770397704,0.9193672839506173,0.947326575233552
42,correto,P-correto,VP,1,1,0.977039770397704,0.9193672839506173,0.947326575233552
41,correto,P-correto,VP,1,1,0.977039770397704,0.9193672839506173,0.947326575233552
42,correto,P-correto,VP,1,1,0.977039770397704,0.9193672839506173,0.947326575233552
41,correto,P-correto,VP,1,1,0.977039770397704,0.9193672839506173,0.947326575233552
42,incorreto,P-correto,FN,0,1,0.977039770397704,0.9193672839506173,0.947326575233552
42,correto,P-correto,VP,1,1,0.977039770397704,0.9193672839506173,0.947326575233552
42,correto,P-correto,VP,1,1,0.977039770397704,0.9193672839506173,0.947326575233552
42,correto,P-correto,VP,1,1,0.977039770397704,0.9193672839506173,0.947326575233552
43,correto,P-correto,VP,1,1,0.977039770397704,0.9193672839506173,0.947326575233552
43,correto,P-correto,VP,1,1,0.977039770397704,0.9193672839506173,0.947326575233552
42,correto,P-correto,VP,1,1,0.977039770397704,0.9193672839506173,0.947326575233552
42,correto,P-correto,VP,1,1,0.977039770397704,0.9193672839506173,0.947326575233552
43,correto,P-correto,VP,1,1,0.977039770397704,0.9193672839506173,0.947326575233552
42,correto,P-correto,VP,1,1,0.977039770397704,0.9193672839506173,0.947326575233552
42,correto,P-correto,VP,1,1,0.977039770397704,0.9193672839506173,0.947326575233552
42,correto,P-correto,VP,1,1,0.977039770397704,0.9193672839506173,0.947326575233552
42,correto,P-correto,VP,1,1,0.977039770397704,0.9193672839506173,0.947326575233552
42,correto,P-incorreto,FP,1,0,0.977039770397704,0.9193672839506173,0.947326575233552
42,correto,P-correto,VP,1,1,0.977039770397704,0.9193672839506173,0.947326575233552
42,correto,P-correto,VP,1,1,0.977039770397704,0.9193672839506173,0.947326575233552
43,correto,P-correto,VP,1,1,0.977039770397704,0.9193672839506173,0.947326575233552
41,correto,P-correto,VP,1,1,0.977039770397704,0.9193672839506173,0.947326575233552
41,correto,P-correto,VP,1,1,0.977039770397704,0.9193672839506173,0.947326575233552
42,correto,P-correto,VP,1,1,0.977039770397704,0.9193672839506173,0.947326575233552
42,correto,P-correto,VP,1,1,0.977039770397704,0.9193672839506173,0.947326575233552
43,correto,P-correto,VP,1,1,0.977039770397704,0.9193672839506173,0.947326575233552
42,correto,P-correto,VP,1,1,0.977039770397704,0.9193672839506173,0.947326575233552
41,correto,P-correto,VP,1,1,0.977039770397704,0.9193672839506173,0.947326575233552
42,correto,P-correto,VP,1,1,0.977039770397704,0.9193672839506173,0.947326575233552
42,correto,P-correto,VP,1,1,0.977039770397704,0.9193672839506173,0.947326575233552
42,correto,P-correto,VP,1,1,0.977039770397704,0.9193672839506173,0.947326575233552
42,correto,P-correto,VP,1,1,0.977039770397704,0.9193672839506173,0.947326575233552
42,correto,P-incorreto,FP,1,0,0.977039770397704,0.9193672839506173,0.947326575233552
42,correto,P-correto,VP,1,1,0.977039770397704,0.9193672839506173,0.947326575233552
42,correto,P-correto,VP,1,1,0.977039770397704,0.9193672839506173,0.947326575233552
42,correto,P-correto,VP,1,1,0.977039770397704,0.9193672839506173,0.947326575233552
42,correto,P-correto,VP,1,1,0.977039770397704,0.9193672839506173,0.947326575233552
43,correto,P-correto,VP,1,1,0.977039770397704,0.9193672839506173,0.947326575233552
42,correto,P-correto,VP,1,1,0.977039770397704,0.9193672839506173,0.947326575233552
42,correto,P-correto,VP,1,1,0.977039770397704,0.9193672839506173,0.947326575233552
42,correto,P-correto,VP,1,1,0.977039770397704,0.9193672839506173,0.947326575233552
45,incorreto,P-incorreto,VN,0,0,0.977039770397704,0.9193672839506173,0.947326575233552
43,incorreto,P-correto,FN,0,1,0.977039770397704,0.9193672839506173,0.947326575233552
42,correto,P-correto,VP,1,1,0.977039770397704,0.9193672839506173,0.947326575233552
30,incorreto,P-incorreto,VN,0,0,0.977039770397704,0.9193672839506173,0.947326575233552
42,correto,P-incorreto,FP,1,0,0.977039770397704,0.9193672839506173,0.947326575233552
42,correto,P-correto,VP,1,1,0.977039770397704,0.9193672839506173,0.947326575233552
41,correto,P-correto,VP,1,1,0.977039770397704,0.9193672839506173,0.947326575233552
42,correto,P-correto,VP,1,1,0.977039770397704,0.9193672839506173,0.947326575233552
37,incorreto,P-incorreto,VN,0,0,0.977039770397704,0.9193672839506173,0.947326575233552
44,incorreto,P-incorreto,VN,0,0,0.977039770397704,0.9193672839506173,0.947326575233552
41,correto,P-correto,VP,1,1,0.977039770397704,0.9193672839506173,0.947326575233552
41,correto,P-correto,VP,1,1,0.977039770397704,0.9193672839506173,0.947326575233552
36,incorreto,P-incorreto,VN,0,0,0.977039770397704,0.9193672839506173,0.947326575233552
42,correto,P-correto,VP,1,1,0.977039770397704,0.9193672839506173,0.947326575233552
42,correto,P-correto,VP,1,1,0.977039770397704,0.9193672839506173,0.947326575233552
43,correto,P-correto,VP,1,1,0.977039770397704,0.9193672839506173,0.947326575233552
41,correto,P-correto,VP,1,1,0.977039770397704,0.9193672839506173,0.947326575233552
42,correto,P-correto,VP,1,1,0.977039770397704,0.9193672839506173,0.947326575233552
41,correto,P-correto,VP,1,1,0.977039770397704,0.9193672839506173,0.947326575233552
42,correto,P-correto,VP,1,1,0.977039770397704,0.9193672839506173,0.947326575233552
41,correto,P-correto,VP,1,1,0.977039770397704,0.9193672839506173,0.947326575233552
43,correto,P-correto,VP,1,1,0.977039770397704,0.9193672839506173,0.947326575233552
42,correto,P-correto,VP,1,1,0.977039770397704,0.9193672839506173,0.947326575233552
43,correto,P-correto,VP,1,1,0.977039770397704,0.9193672839506173,0.947326575233552
42,correto,P-correto,VP,1,1,0.977039770397704,0.9193672839506173,0.947326575233552
42,correto,P-correto,VP,1,1,0.977039770397704,0.9193672839506173,0.947326575233552
42,correto,P-correto,VP,1,1,0.977039770397704,0.9193672839506173,0.947326575233552
41,correto,P-correto,VP,1,1,0.977039770397704,0.9193672839506173,0.947326575233552
42,correto,P-correto,VP,1,1,0.977039770397704,0.9193672839506173,0.947326575233552
41,correto,P-correto,VP,1,1,0.977039770397704,0.9193672839506173,0.947326575233552
42,correto,P-correto,VP,1,1,0.977039770397704,0.9193672839506173,0.947326575233552
41,correto,P-correto,VP,1,1,0.977039770397704,0.9193672839506173,0.947326575233552
42,correto,P-incorreto,FP,1,0,0.977039770397704,0.9193672839506173,0.947326575233552
41,correto,P-correto,VP,1,1,0.977039770397704,0.9193672839506173,0.947326575233552
42,correto,P-correto,VP,1,1,0.977039770397704,0.9193672839506173,0.947326575233552
50,incorreto,P-incorreto,VN,0,0,0.977039770397704,0.9193672839506173,0.947326575233552
42,correto,P-correto,VP,1,1,0.977039770397704,0.9193672839506173,0.947326575233552
43,correto,P-correto,VP,1,1,0.977039770397704,0.9193672839506173,0.947326575233552
42,correto,P-correto,VP,1,1,0.977039770397704,0.9193672839506173,0.947326575233552
42,correto,P-correto,VP,1,1,0.977039770397704,0.9193672839506173,0.947326575233552
52,incorreto,P-incorreto,VN,0,0,0.977039770397704,0.9193672839506173,0.947326575233552
42,correto,P-correto,VP,1,1,0.977039770397704,0.9193672839506173,0.947326575233552
42,correto,P-correto,VP,1,1,0.977039770397704,0.9193672839506173,0.947326575233552
42,correto,P-correto,VP,1,1,0.977039770397704,0.9193672839506173,0.947326575233552
42,correto,P-correto,VP,1,1,0.977039770397704,0.9193672839506173,0.947326575233552
42,correto,P-correto,VP,1,1,0.977039770397704,0.9193672839506173,0.947326575233552
42,correto,P-correto,VP,1,1,0.977039770397704,0.9193672839506173,0.947326575233552
42,correto,P-correto,VP,1,1,0.977039770397704,0.9193672839506173,0.947326575233552
42,correto,P-correto,VP,1,1,0.977039770397704,0.9193672839506173,0.947326575233552
42,correto,P-incorreto,FP,1,0,0.977039770397704,0.9193672839506173,0.947326575233552
61,incorreto,P-incorreto,VN,0,0,0.977039770397704,0.9193672839506173,0.947326575233552
42,correto,P-correto,VP,1,1,0.977039770397704,0.9193672839506173,0.947326575233552
42,correto,P-incorreto,FP,1,0,0.977039770397704,0.9193672839506173,0.947326575233552
42,correto,P-correto,VP,1,1,0.977039770397704,0.9193672839506173,0.947326575233552
42,correto,P-correto,VP,1,1,0.977039770397704,0.9193672839506173,0.947326575233552
42,correto,P-correto,VP,1,1,0.977039770397704,0.9193672839506173,0.947326575233552
42,correto,P-correto,VP,1,1,0.977039770397704,0.9193672839506173,0.947326575233552
42,correto,P-correto,VP,1,1,0.977039770397704,0.9193672839506173,0.947326575233552
42,correto,P-correto,VP,1,1,0.977039770397704,0.9193672839506173,0.947326575233552
42,correto,P-correto,VP,1,1,0.977039770397704,0.9193672839506173,0.947326575233552
42,correto,P-correto,VP,1,1,0.977039770397704,0.9193672839506173,0.947326575233552
42,correto,P-correto,VP,1,1,0.977039770397704,0.9193672839506173,0.947326575233552
42,correto,P-correto,VP,1,1,0.977039770397704,0.9193672839506173,0.947326575233552
51,incorreto,P-correto,FN,0,1,0.977039770397704,0.9193672839506173,0.947326575233552
42,correto,P-correto,VP,1,1,0.977039770397704,0.9193672839506173,0.947326575233552
42,correto,P-correto,VP,1,1,0.977039770397704,0.9193672839506173,0.947326575233552
42,correto,P-correto,VP,1,1,0.977039770397704,0.9193672839506173,0.947326575233552
42,correto,P-correto,VP,1,1,0.977039770397704,0.9193672839506173,0.947326575233552
42,correto,P-correto,VP,1,1,0.977039770397704,0.9193672839506173,0.947326575233552
42,correto,P-correto,VP,1,1,0.977039770397704,0.9193672839506173,0.947326575233552
42,correto,P-correto,VP,1,1,0.977039770397704,0.9193672839506173,0.947326575233552
42,correto,P-correto,VP,1,1,0.977039770397704,0.9193672839506173,0.947326575233552
42,correto,P-correto,VP,1,1,0.977039770397704,0.9193672839506173,0.947326575233552
42,correto,P-correto,VP,1,1,0.977039770397704,0.9193672839506173,0.947326575233552
42,correto,P-correto,VP,1,1,0.977039770397704,0.9193672839506173,0.947326575233552
18,incorreto,P-incorreto,VN,0,0,0.977039770397704,0.9193672839506173,0.947326575233552
42,correto,P-correto,VP,1,1,0.977039770397704,0.9193672839506173,0.947326575233552
42,correto,P-correto,VP,1,1,0.977039770397704,0.9193672839506173,0.947326575233552
42,correto,P-correto,VP,1,1,0.977039770397704,0.9193672839506173,0.947326575233552
42,correto,P-correto,VP,1,1,0.977039770397704,0.9193672839506173,0.947326575233552
42,correto,P-correto,VP,1,1,0.977039770397704,0.9193672839506173,0.947326575233552
42,correto,P-correto,VP,1,1,0.977039770397704,0.9193672839506173,0.947326575233552
56,incorreto,P-incorreto,VN,0,0,0.977039770397704,0.9193672839506173,0.947326575233552
42,correto,P-correto,VP,1,1,0.977039770397704,0.9193672839506173,0.947326575233552
42,correto,P-correto,VP,1,1,0.977039770397704,0.9193672839506173,0.947326575233552
42,correto,P-incorreto,FP,1,0,0.977039770397704,0.9193672839506173,0.947326575233552
42,correto,P-correto,VP,1,1,0.977039770397704,0.9193672839506173,0.947326575233552
42,correto,P-correto,VP,1,1,0.977039770397704,0.9193672839506173,0.947326575233552
42,correto,P-correto,VP,1,1,0.977039770397704,0.9193672839506173,0.947326575233552
42,correto,P-correto,VP,1,1,0.977039770397704,0.9193672839506173,0.947326575233552
42,correto,P-correto,VP,1,1,0.977039770397704,0.9193672839506173,0.947326575233552
42,correto,P-correto,VP,1,1,0.977039770397704,0.9193672839506173,0.947326575233552
42,correto,P-incorreto,FP,1,0,0.977039770397704,0.9193672839506173,0.947326575233552
42,correto,P-correto,VP,1,1,0.977039770397704,0.9193672839506173,0.947326575233552
42,correto,P-correto,VP,1,1,0.977039770397704,0.9193672839506173,0.947326575233552
42,correto,P-correto,VP,1,1,0.977039770397704,0.9193672839506173,0.947326575233552
42,correto,P-correto,VP,1,1,0.977039770397704,0.9193672839506173,0.947326575233552
42,correto,P-correto,VP,1,1,0.977039770397704,0.9193672839506173,0.947326575233552
42,correto,P-correto,VP,1,1,0.977039770397704,0.9193672839506173,0.947326575233552
42,correto,P-correto,VP,1,1,0.977039770397704,0.9193672839506173,0.947326575233552
42,correto,P-correto,VP,1,1,0.977039770397704,0.9193672839506173,0.947326575233552
41,incorreto,P-correto,FN,0,1,0.977039770397704,0.9193672839506173,0.947326575233552
42,correto,P-correto,VP,1,1,0.977039770397704,0.9193672839506173,0.947326575233552
42,correto,P-incorreto,FP,1,0,0.977039770397704,0.9193672839506173,0.947326575233552
42,correto,P-correto,VP,1,1,0.977039770397704,0.9193672839506173,0.947326575233552
42,correto,P-correto,VP,1,1,0.977039770397704,0.9193672839506173,0.947326575233552
42,correto,P-correto,VP,1,1,0.977039770397704,0.9193672839506173,0.947326575233552
42,correto,P-correto,VP,1,1,0.977039770397704,0.9193672839506173,0.947326575233552
42,correto,P-correto,VP,1,1,0.977039770397704,0.9193672839506173,0.947326575233552
42,correto,P-correto,VP,1,1,0.977039770397704,0.9193672839506173,0.947326575233552
42,correto,P-correto,VP,1,1,0.977039770397704,0.9193672839506173,0.947326575233552
45,incorreto,P-incorreto,VN,0,0,0.977039770397704,0.9193672839506173,0.947326575233552
42,correto,P-correto,VP,1,1,0.977039770397704,0.9193672839506173,0.947326575233552
42,correto,P-correto,VP,1,1,0.977039770397704,0.9193672839506173,0.947326575233552
44,incorreto,P-incorreto,VN,0,0,0.977039770397704,0.9193672839506173,0.947326575233552
42,correto,P-correto,VP,1,1,0.977039770397704,0.9193672839506173,0.947326575233552
41,incorreto,P-correto,FN,0,1,0.977039770397704,0.9193672839506173,0.947326575233552
42,correto,P-correto,VP,1,1,0.977039770397704,0.9193672839506173,0.947326575233552
42,correto,P-correto,VP,1,1,0.977039770397704,0.9193672839506173,0.947326575233552
42,correto,P-correto,VP,1,1,0.977039770397704,0.9193672839506173,0.947326575233552
42,correto,P-correto,VP,1,1,0.977039770397704,0.9193672839506173,0.947326575233552
42,correto,P-correto,VP,1,1,0.977039770397704,0.9193672839506173,0.947326575233552
42,correto,P-correto,VP,1,1,0.977039770397704,0.9193672839506173,0.947326575233552
42,correto,P-correto,VP,1,1,0.977039770397704,0.9193672839506173,0.947326575233552
42,correto,P-correto,VP,1,1,0.977039770397704,0.9193672839506173,0.947326575233552
42,correto,P-correto,VP,1,1,0.977039770397704,0.9193672839506173,0.947326575233552
42,correto,P-correto,VP,1,1,0.977039770397704,0.9193672839506173,0.947326575233552
42,correto,P-correto,VP,1,1,0.977039770397704,0.9193672839506173,0.947326575233552
42,correto,P-correto,VP,1,1,0.977039770397704,0.9193672839506173,0.947326575233552
54,incorreto,P-incorreto,VN,0,0,0.977039770397704,0.9193672839506173,0.947326575233552
42,correto,P-correto,VP,1,1,0.977039770397704,0.9193672839506173,0.947326575233552
42,correto,P-correto,VP,1,1,0.977039770397704,0.9193672839506173,0.947326575233552
48,incorreto,P-incorreto,VN,0,0,0.977039770397704,0.9193672839506173,0.947326575233552
42,correto,P-correto,VP,1,1,0.977039770397704,0.9193672839506173,0.947326575233552
42,correto,P-correto,VP,1,1,0.977039770397704,0.9193672839506173,0.947326575233552
42,correto,P-correto,VP,1,1,0.977039770397704,0.9193672839506173,0.947326575233552
42,correto,P-incorreto,FP,1,0,0.977039770397704,0.9193672839506173,0.947326575233552
42,correto,P-incorreto,FP,1,0,0.977039770397704,0.9193672839506173,0.947326575233552
42,correto,P-correto,VP,1,1,0.977039770397704,0.9193672839506173,0.947326575233552
42,correto,P-correto,VP,1,1,0.977039770397704,0.9193672839506173,0.947326575233552
42,correto,P-correto,VP,1,1,0.977039770397704,0.9193672839506173,0.947326575233552
42,correto,P-correto,VP,1,1,0.977039770397704,0.9193672839506173,0.947326575233552
42,correto,P-correto,VP,1,1,0.977039770397704,0.9193672839506173,0.947326575233552
42,correto,P-correto,VP,1,1,0.977039770397704,0.9193672839506173,0.947326575233552
42,correto,P-correto,VP,1,1,0.977039770397704,0.9193672839506173,0.947326575233552
42,correto,P-correto,VP,1,1,0.977039770397704,0.9193672839506173,0.947326575233552
42,correto,P-incorreto,FP,1,0,0.977039770397704,0.9193672839506173,0.947326575233552
49,incorreto,P-incorreto,VN,0,0,0.977039770397704,0.9193672839506173,0.947326575233552
42,correto,P-correto,VP,1,1,0.977039770397704,0.9193672839506173,0.947326575233552
29,incorreto,P-incorreto,VN,0,0,0.977039770397704,0.9193672839506173,0.947326575233552
42,correto,P-correto,VP,1,1,0.977039770397704,0.9193672839506173,0.947326575233552
53,incorreto,P-incorreto,VN,0,0,0.977039770397704,0.9193672839506173,0.947326575233552
42,correto,P-correto,VP,1,1,0.977039770397704,0.9193672839506173,0.947326575233552
42,correto,P-correto,VP,1,1,0.977039770397704,0.9193672839506173,0.947326575233552
42,correto,P-incorreto,FP,1,0,0.977039770397704,0.9193672839506173,0.947326575233552
36,incorreto,P-incorreto,VN,0,0,0.977039770397704,0.9193672839506173,0.947326575233552
42,correto,P-correto,VP,1,1,0.977039770397704,0.9193672839506173,0.947326575233552
42,correto,P-correto,VP,1,1,0.977039770397704,0.9193672839506173,0.947326575233552
42,correto,P-correto,VP,1,1,0.977039770397704,0.9193672839506173,0.947326575233552
42,correto,P-correto,VP,1,1,0.977039770397704,0.9193672839506173,0.947326575233552
42,correto,P-correto,VP,1,1,0.977039770397704,0.9193672839506173,0.947326575233552
42,correto,P-correto,VP,1,1,0.977039770397704,0.9193672839506173,0.947326575233552
42,correto,P-correto,VP,1,1,0.977039770397704,0.9193672839506173,0.947326575233552
42,correto,P-correto,VP,1,1,0.977039770397704,0.9193672839506173,0.947326575233552
42,correto,P-correto,VP,1,1,0.977039770397704,0.9193672839506173,0.947326575233552
42,correto,P-correto,VP,1,1,0.977039770397704,0.9193672839506173,0.947326575233552
42,correto,P-correto,VP,1,1,0.977039770397704,0.9193672839506173,0.947326575233552
43,incorreto,P-correto,FN,0,1,0.977039770397704,0.9193672839506173,0.947326575233552
31,incorreto,P-incorreto,VN,0,0,0.977039770397704,0.9193672839506173,0.947326575233552
42,correto,P-correto,VP,1,1,0.977039770397704,0.9193672839506173,0.947326575233552
42,correto,P-correto,VP,1,1,0.977039770397704,0.9193672839506173,0.947326575233552
42,correto,P-correto,VP,1,1,0.977039770397704,0.9193672839506173,0.947326575233552
46,incorreto,P-incorreto,VN,0,0,0.977039770397704,0.9193672839506173,0.947326575233552
33,incorreto,P-incorreto,VN,0,0,0.977039770397704,0.9193672839506173,0.947326575233552
42,correto,P-correto,VP,1,1,0.977039770397704,0.9193672839506173,0.947326575233552
42,correto,P-correto,VP,1,1,0.977039770397704,0.9193672839506173,0.947326575233552
42,correto,P-correto,VP,1,1,0.977039770397704,0.9193672839506173,0.947326575233552
42,correto,P-correto,VP,1,1,0.977039770397704,0.9193672839506173,0.947326575233552
42,correto,P-correto,VP,1,1,0.977039770397704,0.9193672839506173,0.947326575233552
42,correto,P-correto,VP,1,1,0.977039770397704,0.9193672839506173,0.947326575233552
42,correto,P-correto,VP,1,1,0.977039770397704,0.9193672839506173,0.947326575233552
42,correto,P-correto,VP,1,1,0.977039770397704,0.9193672839506173,0.947326575233552
42,correto,P-incorreto,FP,1,0,0.977039770397704,0.9193672839506173,0.947326575233552
42,correto,P-correto,VP,1,1,0.977039770397704,0.9193672839506173,0.947326575233552
42,correto,P-correto,VP,1,1,0.977039770397704,0.9193672839506173,0.947326575233552
42,correto,P-correto,VP,1,1,0.977039770397704,0.9193672839506173,0.947326575233552
42,correto,P-correto,VP,1,1,0.977039770397704,0.9193672839506173,0.947326575233552
64,incorreto,P-incorreto,VN,0,0,0.977039770397704,0.9193672839506173,0.947326575233552
42,correto,P-correto,VP,1,1,0.977039770397704,0.9193672839506173,0.947326575233552
42,correto,P-correto,VP,1,1,0.977039770397704,0.9193672839506173,0.947326575233552
54,incorreto,P-incorreto,VN,0,0,0.977039770397704,0.9193672839506173,0.947326575233552
42,incorreto,P-correto,FN,0,1,0.977039770397704,0.9193672839506173,0.947326575233552
42,correto,P-correto,VP,1,1,0.977039770397704,0.9193672839506173,0.947326575233552
42,correto,P-correto,VP,1,1,0.977039770397704,0.9193672839506173,0.947326575233552
42,correto,P-correto,VP,1,1,0.977039770397704,0.9193672839506173,0.947326575233552
42,correto,P-correto,VP,1,1,0.977039770397704,0.9193672839506173,0.947326575233552
42,correto,P-correto,VP,1,1,0.977039770397704,0.9193672839506173,0.947326575233552
42,correto,P-correto,VP,1,1,0.977039770397704,0.9193672839506173,0.947326575233552
42,correto,P-correto,VP,1,1,0.977039770397704,0.9193672839506173,0.947326575233552
42,correto,P-correto,VP,1,1,0.977039770397704,0.9193672839506173,0.947326575233552
42,correto,P-correto,VP,1,1,0.977039770397704,0.9193672839506173,0.947326575233552
42,correto,P-correto,VP,1,1,0.977039770397704,0.9193672839506173,0.947326575233552
42,correto,P-correto,VP,1,1,0.977039770397704,0.9193672839506173,0.947326575233552
50,incorreto,P-incorreto,VN,0,0,0.977039770397704,0.9193672839506173,0.947326575233552
42,correto,P-correto,VP,1,1,0.977039770397704,0.9193672839506173,0.947326575233552
42,correto,P-correto,VP,1,1,0.977039770397704,0.9193672839506173,0.947326575233552
42,correto,P-correto,VP,1,1,0.977039770397704,0.9193672839506173,0.947326575233552
42,correto,P-correto,VP,1,1,0.977039770397704,0.9193672839506173,0.947326575233552
42,correto,P-correto,VP,1,1,0.977039770397704,0.9193672839506173,0.947326575233552
42,correto,P-correto,VP,1,1,0.977039770397704,0.9193672839506173,0.947326575233552
42,correto,P-correto,VP,1,1,0.977039770397704,0.9193672839506173,0.947326575233552
42,correto,P-correto,VP,1,1,0.977039770397704,0.9193672839506173,0.947326575233552
42,correto,P-correto,VP,1,1,0.977039770397704,0.9193672839506173,0.947326575233552
42,correto,P-correto,VP,1,1,0.977039770397704,0.9193672839506173,0.947326575233552
42,correto,P-correto,VP,1,1,0.977039770397704,0.9193672839506173,0.947326575233552
42,correto,P-correto,VP,1,1,0.977039770397704,0.9193672839506173,0.947326575233552
42,correto,P-correto,VP,1,1,0.977039770397704,0.9193672839506173,0.947326575233552
42,correto,P-correto,VP,1,1,0.977039770397704,0.9193672839506173,0.947326575233552
42,correto,P-correto,VP,1,1,0.977039770397704,0.9193672839506173,0.947326575233552
42,correto,P-correto,VP,1,1,0.977039770397704,0.9193672839506173,0.947326575233552
42,correto,P-correto,VP,1,1,0.977039770397704,0.9193672839506173,0.947326575233552
40,incorreto,P-correto,FN,0,1,0.977039770397704,0.9193672839506173,0.947326575233552
39,incorreto,P-correto,FN,0,1,0.977039770397704,0.9193672839506173,0.947326575233552
42,correto,P-correto,VP,1,1,0.977039770397704,0.9193672839506173,0.947326575233552
43,incorreto,P-correto,FN,0,1,0.977039770397704,0.9193672839506173,0.947326575233552
42,correto,P-correto,VP,1,1,0.977039770397704,0.9193672839506173,0.947326575233552
42,correto,P-correto,VP,1,1,0.977039770397704,0.9193672839506173,0.947326575233552
42,correto,P-correto,VP,1,1,0.977039770397704,0.9193672839506173,0.947326575233552
42,correto,P-incorreto,FP,1,0,0.977039770397704,0.9193672839506173,0.947326575233552
42,correto,P-correto,VP,1,1,0.977039770397704,0.9193672839506173,0.947326575233552
42,correto,P-correto,VP,1,1,0.977039770397704,0.9193672839506173,0.947326575233552
42,correto,P-correto,VP,1,1,0.977039770397704,0.9193672839506173,0.947326575233552
42,correto,P-correto,VP,1,1,0.977039770397704,0.9193672839506173,0.947326575233552
42,correto,P-correto,VP,1,1,0.977039770397704,0.9193672839506173,0.947326575233552
42,correto,P-correto,VP,1,1,0.977039770397704,0.9193672839506173,0.947326575233552
42,correto,P-correto,VP,1,1,0.977039770397704,0.9193672839506173,0.947326575233552
42,correto,P-correto,VP,1,1,0.977039770397704,0.9193672839506173,0.947326575233552
42,correto,P-correto,VP,1,1,0.977039770397704,0.9193672839506173,0.947326575233552
42,correto,P-correto,VP,1,1,0.977039770397704,0.9193672839506173,0.947326575233552
42,correto,P-correto,VP,1,1,0.977039770397704,0.9193672839506173,0.947326575233552
46,incorreto,P-incorreto,VN,0,0,0.977039770397704,0.9193672839506173,0.947326575233552
42,correto,P-correto,VP,1,1,0.977039770397704,0.9193672839506173,0.947326575233552
42,correto,P-correto,VP,1,1,0.977039770397704,0.9193672839506173,0.947326575233552
42,correto,P-correto,VP,1,1,0.977039770397704,0.9193672839506173,0.947326575233552
42,correto,P-correto,VP,1,1,0.977039770397704,0.9193672839506173,0.947326575233552
42,correto,P-correto,VP,1,1,0.977039770397704,0.9193672839506173,0.947326575233552
42,correto,P-correto,VP,1,1,0.977039770397704,0.9193672839506173,0.947326575233552
42,correto,P-correto,VP,1,1,0.977039770397704,0.9193672839506173,0.947326575233552
42,correto,P-correto,VP,1,1,0.977039770397704,0.9193672839506173,0.947326575233552
42,correto,P-incorreto,FP,1,0,0.977039770397704,0.9193672839506173,0.947326575233552
42,correto,P-correto,VP,1,1,0.977039770397704,0.9193672839506173,0.947326575233552
42,correto,P-correto,VP,1,1,0.977039770397704,0.9193672839506173,0.947326575233552
42,correto,P-correto,VP,1,1,0.977039770397704,0.9193672839506173,0.947326575233552
42,correto,P-correto,VP,1,1,0.977039770397704,0.9193672839506173,0.947326575233552
42,correto,P-correto,VP,1,1,0.977039770397704,0.9193672839506173,0.947326575233552
26,incorreto,P-incorreto,VN,0,0,0.977039770397704,0.9193672839506173,0.947326575233552
42,correto,P-correto,VP,1,1,0.977039770397704,0.9193672839506173,0.947326575233552
42,correto,P-correto,VP,1,1,0.977039770397704,0.9193672839506173,0.947326575233552
47,incorreto,P-incorreto,VN,0,0,0.977039770397704,0.9193672839506173,0.947326575233552
44,incorreto,P-incorreto,VN,0,0,0.977039770397704,0.9193672839506173,0.947326575233552
42,correto,P-correto,VP,1,1,0.977039770397704,0.9193672839506173,0.947326575233552
42,correto,P-correto,VP,1,1,0.977039770397704,0.9193672839506173,0.947326575233552
32,incorreto,P-incorreto,VN,0,0,0.977039770397704,0.9193672839506173,0.947326575233552
42,correto,P-correto,VP,1,1,0.977039770397704,0.9193672839506173,0.947326575233552
42,correto,P-correto,VP,1,1,0.977039770397704,0.9193672839506173,0.947326575233552
42,correto,P-incorreto,FP,1,0,0.977039770397704,0.9193672839506173,0.947326575233552
42,correto,P-correto,VP,1,1,0.977039770397704,0.9193672839506173,0.947326575233552
42,correto,P-correto,VP,1,1,0.977039770397704,0.9193672839506173,0.947326575233552
42,correto,P-incorreto,FP,1,0,0.977039770397704,0.9193672839506173,0.947326575233552
42,correto,P-correto,VP,1,1,0.977039770397704,0.9193672839506173,0.947326575233552
42,correto,P-correto,VP,1,1,0.977039770397704,0.9193672839506173,0.947326575233552
42,correto,P-correto,VP,1,1,0.977039770397704,0.9193672839506173,0.947326575233552
42,correto,P-correto,VP,1,1,0.977039770397704,0.9193672839506173,0.947326575233552
42,correto,P-correto,VP,1,1,0.977039770397704,0.9193672839506173,0.947326575233552
42,correto,P-correto,VP,1,1,0.977039770397704,0.9193672839506173,0.947326575233552
51,incorreto,P-incorreto,VN,0,0,0.977039770397704,0.9193672839506173,0.947326575233552
42,correto,P-correto,VP,1,1,0.977039770397704,0.9193672839506173,0.947326575233552
42,correto,P-correto,VP,1,1,0.977039770397704,0.9193672839506173,0.947326575233552
42,correto,P-correto,VP,1,1,0.977039770397704,0.9193672839506173,0.947326575233552
42,correto,P-correto,VP,1,1,0.977039770397704,0.9193672839506173,0.947326575233552
42,correto,P-correto,VP,1,1,0.977039770397704,0.9193672839506173,0.947326575233552
42,correto,P-correto,VP,1,1,0.977039770397704,0.9193672839506173,0.947326575233552
42,correto,P-correto,VP,1,1,0.977039770397704,0.9193672839506173,0.947326575233552
51,incorreto,P-incorreto,VN,0,0,0.977039770397704,0.9193672839506173,0.947326575233552
42,correto,P-correto,VP,1,1,0.977039770397704,0.9193672839506173,0.947326575233552
42,correto,P-correto,VP,1,1,0.977039770397704,0.9193672839506173,0.947326575233552
42,correto,P-correto,VP,1,1,0.977039770397704,0.9193672839506173,0.947326575233552
17,incorreto,P-incorreto,VN,0,0,0.977039770397704,0.9193672839506173,0.947326575233552
42,correto,P-correto,VP,1,1,0.977039770397704,0.9193672839506173,0.947326575233552
42,correto,P-correto,VP,1,1,0.977039770397704,0.9193672839506173,0.947326575233552
42,correto,P-correto,VP,1,1,0.977039770397704,0.9193672839506173,0.947326575233552
42,correto,P-correto,VP,1,1,0.977039770397704,0.9193672839506173,0.947326575233552
42,correto,P-correto,VP,1,1,0.977039770397704,0.9193672839506173,0.947326575233552
42,correto,P-incorreto,FP,1,0,0.977039770397704,0.9193672839506173,0.947326575233552
42,correto,P-correto,VP,1,1,0.977039770397704,0.9193672839506173,0.947326575233552
42,correto,P-correto,VP,1,1,0.977039770397704,0.9193672839506173,0.947326575233552
27,incorreto,P-incorreto,VN,0,0,0.977039770397704,0.9193672839506173,0.947326575233552
42,correto,P-correto,VP,1,1,0.977039770397704,0.9193672839506173,0.947326575233552
42,correto,P-correto,VP,1,1,0.977039770397704,0.9193672839506173,0.947326575233552
42,correto,P-correto,VP,1,1,0.977039770397704,0.9193672839506173,0.947326575233552
42,correto,P-correto,VP,1,1,0.977039770397704,0.9193672839506173,0.947326575233552
42,correto,P-correto,VP,1,1,0.977039770397704,0.9193672839506173,0.947326575233552
42,correto,P-correto,VP,1,1,0.977039770397704,0.9193672839506173,0.947326575233552
42,correto,P-correto,VP,1,1,0.977039770397704,0.9193672839506173,0.947326575233552
42,correto,P-correto,VP,1,1,0.977039770397704,0.9193672839506173,0.947326575233552
42,correto,P-correto,VP,1,1,0.977039770397704,0.9193672839506173,0.947326575233552
42,correto,P-correto,VP,1,1,0.977039770397704,0.9193672839506173,0.947326575233552
42,correto,P-correto,VP,1,1,0.977039770397704,0.9193672839506173,0.947326575233552
42,correto,P-correto,VP,1,1,0.977039770397704,0.9193672839506173,0.947326575233552
42,correto,P-correto,VP,1,1,0.977039770397704,0.9193672839506173,0.947326575233552
42,correto,P-correto,VP,1,1,0.977039770397704,0.9193672839506173,0.947326575233552
42,correto,P-correto,VP,1,1,0.977039770397704,0.9193672839506173,0.947326575233552
42,correto,P-correto,VP,1,1,0.977039770397704,0.9193672839506173,0.947326575233552
42,correto,P-correto,VP,1,1,0.977039770397704,0.9193672839506173,0.947326575233552
42,correto,P-correto,VP,1,1,0.977039770397704,0.9193672839506173,0.947326575233552
42,correto,P-incorreto,FP,1,0,0.977039770397704,0.9193672839506173,0.947326575233552
42,correto,P-correto,VP,1,1,0.977039770397704,0.9193672839506173,0.947326575233552
42,correto,P-correto,VP,1,1,0.977039770397704,0.9193672839506173,0.947326575233552
42,correto,P-correto,VP,1,1,0.977039770397704,0.9193672839506173,0.947326575233552
42,correto,P-correto,VP,1,1,0.977039770397704,0.9193672839506173,0.947326575233552
42,correto,P-correto,VP,1,1,0.977039770397704,0.9193672839506173,0.947326575233552
48,incorreto,P-incorreto,VN,0,0,0.977039770397704,0.9193672839506173,0.947326575233552
42,correto,P-correto,VP,1,1,0.977039770397704,0.9193672839506173,0.947326575233552
42,correto,P-correto,VP,1,1,0.977039770397704,0.9193672839506173,0.947326575233552
42,correto,P-correto,VP,1,1,0.977039770397704,0.9193672839506173,0.947326575233552
29,incorreto,P-incorreto,VN,0,0,0.977039770397704,0.9193672839506173,0.947326575233552
42,correto,P-correto,VP,1,1,0.977039770397704,0.9193672839506173,0.947326575233552
42,correto,P-correto,VP,1,1,0.977039770397704,0.9193672839506173,0.947326575233552
42,correto,P-correto,VP,1,1,0.977039770397704,0.9193672839506173,0.947326575233552
42,correto,P-correto,VP,1,1,0.977039770397704,0.9193672839506173,0.947326575233552
42,correto,P-correto,VP,1,1,0.977039770397704,0.9193672839506173,0.947326575233552
42,correto,P-incorreto,FP,1,0,0.977039770397704,0.9193672839506173,0.947326575233552
42,correto,P-correto,VP,1,1,0.977039770397704,0.9193672839506173,0.947326575233552
42,correto,P-incorreto,FP,1,0,0.977039770397704,0.9193672839506173,0.947326575233552
42,correto,P-correto,VP,1,1,0.977039770397704,0.9193672839506173,0.947326575233552
42,correto,P-incorreto,FP,1,0,0.977039770397704,0.9193672839506173,0.947326575233552
42,correto,P-incorreto,FP,1,0,0.977039770397704,0.9193672839506173,0.947326575233552
42,correto,P-correto,VP,1,1,0.977039770397704,0.9193672839506173,0.947326575233552
42,correto,P-correto,VP,1,1,0.977039770397704,0.9193672839506173,0.947326575233552
42,correto,P-correto,VP,1,1,0.977039770397704,0.9193672839506173,0.947326575233552
42,correto,P-correto,VP,1,1,0.977039770397704,0.9193672839506173,0.947326575233552
42,correto,P-correto,VP,1,1,0.977039770397704,0.9193672839506173,0.947326575233552
42,correto,P-correto,VP,1,1,0.977039770397704,0.9193672839506173,0.947326575233552
42,correto,P-correto,VP,1,1,0.977039770397704,0.9193672839506173,0.947326575233552
42,correto,P-correto,VP,1,1,0.977039770397704,0.9193672839506173,0.947326575233552
42,correto,P-correto,VP,1,1,0.977039770397704,0.9193672839506173,0.947326575233552
42,correto,P-correto,VP,1,1,0.977039770397704,0.9193672839506173,0.947326575233552
42,correto,P-correto,VP,1,1,0.977039770397704,0.9193672839506173,0.947326575233552
42,correto,P-correto,VP,1,1,0.977039770397704,0.9193672839506173,0.947326575233552
42,correto,P-correto,VP,1,1,0.977039770397704,0.9193672839506173,0.947326575233552
40,incorreto,P-correto,FN,0,1,0.977039770397704,0.9193672839506173,0.947326575233552
42,correto,P-correto,VP,1,1,0.977039770397704,0.9193672839506173,0.947326575233552
42,correto,P-correto,VP,1,1,0.977039770397704,0.9193672839506173,0.947326575233552
18,incorreto,P-incorreto,VN,0,0,0.977039770397704,0.9193672839506173,0.947326575233552
42,correto,P-correto,VP,1,1,0.977039770397704,0.9193672839506173,0.947326575233552
32,incorreto,P-incorreto,VN,0,0,0.977039770397704,0.9193672839506173,0.947326575233552
42,correto,P-correto,VP,1,1,0.977039770397704,0.9193672839506173,0.947326575233552
42,correto,P-correto,VP,1,1,0.977039770397704,0.9193672839506173,0.947326575233552
42,correto,P-correto,VP,1,1,0.977039770397704,0.9193672839506173,0.947326575233552
42,correto,P-incorreto,FP,1,0,0.977039770397704,0.9193672839506173,0.947326575233552
42,correto,P-incorreto,FP,1,0,0.977039770397704,0.9193672839506173,0.947326575233552
47,incorreto,P-incorreto,VN,0,0,0.977039770397704,0.9193672839506173,0.947326575233552
42,correto,P-correto,VP,1,1,0.977039770397704,0.9193672839506173,0.947326575233552
44,incorreto,P-incorreto,VN,0,0,0.977039770397704,0.9193672839506173,0.947326575233552
42,correto,P-correto,VP,1,1,0.977039770397704,0.9193672839506173,0.947326575233552
35,incorreto,P-incorreto,VN,0,0,0.977039770397704,0.9193672839506173,0.947326575233552
42,correto,P-correto,VP,1,1,0.977039770397704,0.9193672839506173,0.947326575233552
32,incorreto,P-correto,FN,0,1,0.977039770397704,0.9193672839506173,0.947326575233552
42,correto,P-correto,VP,1,1,0.977039770397704,0.9193672839506173,0.947326575233552
42,correto,P-correto,VP,1,1,0.977039770397704,0.9193672839506173,0.947326575233552
42,correto,P-correto,VP,1,1,0.977039770397704,0.9193672839506173,0.947326575233552
42,correto,P-correto,VP,1,1,0.977039770397704,0.9193672839506173,0.947326575233552
42,correto,P-correto,VP,1,1,0.977039770397704,0.9193672839506173,0.947326575233552
42,correto,P-correto,VP,1,1,0.977039770397704,0.9193672839506173,0.947326575233552
42,correto,P-correto,VP,1,1,0.977039770397704,0.9193672839506173,0.947326575233552
42,correto,P-incorreto,FP,1,0,0.977039770397704,0.9193672839506173,0.947326575233552
42,correto,P-correto,VP,1,1,0.977039770397704,0.9193672839506173,0.947326575233552
42,correto,P-correto,VP,1,1,0.977039770397704,0.9193672839506173,0.947326575233552
42,correto,P-correto,VP,1,1,0.977039770397704,0.9193672839506173,0.947326575233552
42,correto,P-correto,VP,1,1,0.977039770397704,0.9193672839506173,0.947326575233552
52,incorreto,P-incorreto,VN,0,0,0.977039770397704,0.9193672839506173,0.947326575233552
42,correto,P-correto,VP,1,1,0.977039770397704,0.9193672839506173,0.947326575233552
42,correto,P-incorreto,FP,1,0,0.977039770397704,0.9193672839506173,0.947326575233552
42,correto,P-correto,VP,1,1,0.977039770397704,0.9193672839506173,0.947326575233552
42,correto,P-correto,VP,1,1,0.977039770397704,0.9193672839506173,0.947326575233552
42,correto,P-correto,VP,1,1,0.977039770397704,0.9193672839506173,0.947326575233552
42,correto,P-correto,VP,1,1,0.977039770397704,0.9193672839506173,0.947326575233552
42,correto,P-correto,VP,1,1,0.977039770397704,0.9193672839506173,0.947326575233552
42,correto,P-correto,VP,1,1,0.977039770397704,0.9193672839506173,0.947326575233552
31,incorreto,P-incorreto,VN,0,0,0.977039770397704,0.9193672839506173,0.947326575233552
42,correto,P-correto,VP,1,1,0.977039770397704,0.9193672839506173,0.947326575233552
44,incorreto,P-incorreto,VN,0,0,0.977039770397704,0.9193672839506173,0.947326575233552
22,incorreto,P-incorreto,VN,0,0,0.977039770397704,0.9193672839506173,0.947326575233552
42,correto,P-correto,VP,1,1,0.977039770397704,0.9193672839506173,0.947326575233552
42,correto,P-correto,VP,1,1,0.977039770397704,0.9193672839506173,0.947326575233552
42,correto,P-incorreto,FP,1,0,0.977039770397704,0.9193672839506173,0.947326575233552
42,correto,P-correto,VP,1,1,0.977039770397704,0.9193672839506173,0.947326575233552
42,correto,P-correto,VP,1,1,0.977039770397704,0.9193672839506173,0.947326575233552
42,correto,P-correto,VP,1,1,0.977039770397704,0.9193672839506173,0.947326575233552
42,correto,P-correto,VP,1,1,0.977039770397704,0.9193672839506173,0.947326575233552
42,correto,P-correto,VP,1,1,0.977039770397704,0.9193672839506173,0.947326575233552
42,correto,P-correto,VP,1,1,0.977039770397704,0.9193672839506173,0.947326575233552
42,correto,P-correto,VP,1,1,0.977039770397704,0.9193672839506173,0.947326575233552
42,correto,P-correto,VP,1,1,0.977039770397704,0.9193672839506173,0.947326575233552
42,correto,P-correto,VP,1,1,0.977039770397704,0.9193672839506173,0.947326575233552
42,correto,P-correto,VP,1,1,0.977039770397704,0.9193672839506173,0.947326575233552
42,correto,P-correto,VP,1,1,0.977039770397704,0.9193672839506173,0.947326575233552
42,correto,P-correto,VP,1,1,0.977039770397704,0.9193672839506173,0.947326575233552
42,correto,P-correto,VP,1,1,0.977039770397704,0.9193672839506173,0.947326575233552
42,correto,P-correto,VP,1,1,0.977039770397704,0.9193672839506173,0.947326575233552
42,correto,P-correto,VP,1,1,0.977039770397704,0.9193672839506173,0.947326575233552
42,correto,P-correto,VP,1,1,0.977039770397704,0.9193672839506173,0.947326575233552
42,correto,P-correto,VP,1,1,0.977039770397704,0.9193672839506173,0.947326575233552
42,correto,P-correto,VP,1,1,0.977039770397704,0.9193672839506173,0.947326575233552
42,correto,P-correto,VP,1,1,0.977039770397704,0.9193672839506173,0.947326575233552
42,correto,P-incorreto,FP,1,0,0.977039770397704,0.9193672839506173,0.947326575233552
39,incorreto,P-correto,FN,0,1,0.977039770397704,0.9193672839506173,0.947326575233552
42,correto,P-incorreto,FP,1,0,0.977039770397704,0.9193672839506173,0.947326575233552
42,correto,P-incorreto,FP,1,0,0.977039770397704,0.9193672839506173,0.947326575233552
42,correto,P-correto,VP,1,1,0.977039770397704,0.9193672839506173,0.947326575233552
36,incorreto,P-incorreto,VN,0,0,0.977039770397704,0.9193672839506173,0.947326575233552
42,correto,P-incorreto,FP,1,0,0.977039770397704,0.9193672839506173,0.947326575233552
42,correto,P-correto,VP,1,1,0.977039770397704,0.9193672839506173,0.947326575233552
42,correto,P-correto,VP,1,1,0.977039770397704,0.9193672839506173,0.947326575233552
42,correto,P-correto,VP,1,1,0.977039770397704,0.9193672839506173,0.947326575233552
42,correto,P-correto,VP,1,1,0.977039770397704,0.9193672839506173,0.947326575233552
42,correto,P-correto,VP,1,1,0.977039770397704,0.9193672839506173,0.947326575233552
53,incorreto,P-incorreto,VN,0,0,0.977039770397704,0.9193672839506173,0.947326575233552
42,correto,P-correto,VP,1,1,0.977039770397704,0.9193672839506173,0.947326575233552
42,correto,P-correto,VP,1,1,0.977039770397704,0.9193672839506173,0.947326575233552
42,correto,P-correto,VP,1,1,0.977039770397704,0.9193672839506173,0.947326575233552
42,correto,P-correto,VP,1,1,0.977039770397704,0.9193672839506173,0.947326575233552
42,correto,P-correto,VP,1,1,0.977039770397704,0.9193672839506173,0.947326575233552
42,correto,P-correto,VP,1,1,0.977039770397704,0.9193672839506173,0.947326575233552
42,correto,P-correto,VP,1,1,0.977039770397704,0.9193672839506173,0.947326575233552
42,correto,P-correto,VP,1,1,0.977039770397704,0.9193672839506173,0.947326575233552
45,incorreto,P-incorreto,VN,0,0,0.977039770397704,0.9193672839506173,0.947326575233552
42,correto,P-correto,VP,1,1,0.977039770397704,0.9193672839506173,0.947326575233552
42,correto,P-correto,VP,1,1,0.977039770397704,0.9193672839506173,0.947326575233552
42,correto,P-correto,VP,1,1,0.977039770397704,0.9193672839506173,0.947326575233552
42,correto,P-correto,VP,1,1,0.977039770397704,0.9193672839506173,0.947326575233552
42,correto,P-correto,VP,1,1,0.977039770397704,0.9193672839506173,0.947326575233552
42,correto,P-correto,VP,1,1,0.977039770397704,0.9193672839506173,0.947326575233552
42,correto,P-correto,VP,1,1,0.977039770397704,0.9193672839506173,0.947326575233552
42,correto,P-correto,VP,1,1,0.977039770397704,0.9193672839506173,0.947326575233552
42,correto,P-correto,VP,1,1,0.977039770397704,0.9193672839506173,0.947326575233552
42,correto,P-correto,VP,1,1,0.977039770397704,0.9193672839506173,0.947326575233552
42,correto,P-correto,VP,1,1,0.977039770397704,0.9193672839506173,0.947326575233552
42,correto,P-correto,VP,1,1,0.977039770397704,0.9193672839506173,0.947326575233552
42,correto,P-correto,VP,1,1,0.977039770397704,0.9193672839506173,0.947326575233552
42,correto,P-correto,VP,1,1,0.977039770397704,0.9193672839506173,0.947326575233552
42,correto,P-correto,VP,1,1,0.977039770397704,0.9193672839506173,0.947326575233552
31,incorreto,P-incorreto,VN,0,0,0.977039770397704,0.9193672839506173,0.947326575233552
42,correto,P-correto,VP,1,1,0.977039770397704,0.9193672839506173,0.947326575233552
42,correto,P-correto,VP,1,1,0.977039770397704,0.9193672839506173,0.947326575233552
42,correto,P-correto,VP,1,1,0.977039770397704,0.9193672839506173,0.947326575233552
42,correto,P-correto,VP,1,1,0.977039770397704,0.9193672839506173,0.947326575233552
42,correto,P-correto,VP,1,1,0.977039770397704,0.9193672839506173,0.947326575233552
42,correto,P-correto,VP,1,1,0.977039770397704,0.9193672839506173,0.947326575233552
42,correto,P-correto,VP,1,1,0.977039770397704,0.9193672839506173,0.947326575233552
42,correto,P-correto,VP,1,1,0.977039770397704,0.9193672839506173,0.947326575233552
42,correto,P-correto,VP,1,1,0.977039770397704,0.9193672839506173,0.947326575233552
42,correto,P-incorreto,FP,1,0,0.977039770397704,0.9193672839506173,0.947326575233552
42,correto,P-correto,VP,1,1,0.977039770397704,0.9193672839506173,0.947326575233552
45,incorreto,P-incorreto,VN,0,0,0.977039770397704,0.9193672839506173,0.947326575233552
28,incorreto,P-incorreto,VN,0,0,0.977039770397704,0.9193672839506173,0.947326575233552
42,correto,P-correto,VP,1,1,0.977039770397704,0.9193672839506173,0.947326575233552
42,correto,P-correto,VP,1,1,0.977039770397704,0.9193672839506173,0.947326575233552
42,correto,P-incorreto,FP,1,0,0.977039770397704,0.9193672839506173,0.947326575233552
42,correto,P-correto,VP,1,1,0.977039770397704,0.9193672839506173,0.947326575233552
42,correto,P-correto,VP,1,1,0.977039770397704,0.9193672839506173,0.947326575233552
42,correto,P-correto,VP,1,1,0.977039770397704,0.9193672839506173,0.947326575233552
42,correto,P-correto,VP,1,1,0.977039770397704,0.9193672839506173,0.947326575233552
42,correto,P-correto,VP,1,1,0.977039770397704,0.9193672839506173,0.947326575233552
24,incorreto,P-incorreto,VN,0,0,0.977039770397704,0.9193672839506173,0.947326575233552
56,incorreto,P-incorreto,VN,0,0,0.977039770397704,0.9193672839506173,0.947326575233552
42,correto,P-correto,VP,1,1,0.977039770397704,0.9193672839506173,0.947326575233552
42,correto,P-correto,VP,1,1,0.977039770397704,0.9193672839506173,0.947326575233552
42,correto,P-correto,VP,1,1,0.977039770397704,0.9193672839506173,0.947326575233552
42,correto,P-correto,VP,1,1,0.977039770397704,0.9193672839506173,0.947326575233552
42,correto,P-correto,VP,1,1,0.977039770397704,0.9193672839506173,0.947326575233552
42,correto,P-correto,VP,1,1,0.977039770397704,0.9193672839506173,0.947326575233552
42,correto,P-correto,VP,1,1,0.977039770397704,0.9193672839506173,0.947326575233552
42,correto,P-incorreto,FP,1,0,0.977039770397704,0.9193672839506173,0.947326575233552
42,correto,P-correto,VP,1,1,0.977039770397704,0.9193672839506173,0.947326575233552
42,correto,P-correto,VP,1,1,0.977039770397704,0.9193672839506173,0.947326575233552
42,correto,P-correto,VP,1,1,0.977039770397704,0.9193672839506173,0.947326575233552
42,correto,P-correto,VP,1,1,0.977039770397704,0.9193672839506173,0.947326575233552
42,correto,P-correto,VP,1,1,0.977039770397704,0.9193672839506173,0.947326575233552
42,correto,P-correto,VP,1,1,0.977039770397704,0.9193672839506173,0.947326575233552
42,correto,P-correto,VP,1,1,0.977039770397704,0.9193672839506173,0.947326575233552
42,correto,P-correto,VP,1,1,0.977039770397704,0.9193672839506173,0.947326575233552
42,correto,P-incorreto,FP,1,0,0.977039770397704,0.9193672839506173,0.947326575233552
42,correto,P-correto,VP,1,1,0.977039770397704,0.9193672839506173,0.947326575233552
42,correto,P-correto,VP,1,1,0.977039770397704,0.9193672839506173,0.947326575233552
33,incorreto,P-incorreto,VN,0,0,0.977039770397704,0.9193672839506173,0.947326575233552
42,correto,P-correto,VP,1,1,0.977039770397704,0.9193672839506173,0.947326575233552
30,incorreto,P-incorreto,VN,0,0,0.977039770397704,0.9193672839506173,0.947326575233552
42,correto,P-correto,VP,1,1,0.977039770397704,0.9193672839506173,0.947326575233552
42,correto,P-correto,VP,1,1,0.977039770397704,0.9193672839506173,0.947326575233552
42,correto,P-correto,VP,1,1,0.977039770397704,0.9193672839506173,0.947326575233552
42,correto,P-correto,VP,1,1,0.977039770397704,0.9193672839506173,0.947326575233552
42,correto,P-correto,VP,1,1,0.977039770397704,0.9193672839506173,0.947326575233552
42,correto,P-correto,VP,1,1,0.977039770397704,0.9193672839506173,0.947326575233552
42,correto,P-correto,VP,1,1,0.977039770397704,0.9193672839506173,0.947326575233552
42,correto,P-correto,VP,1,1,0.977039770397704,0.9193672839506173,0.947326575233552
42,correto,P-correto,VP,1,1,0.977039770397704,0.9193672839506173,0.947326575233552
42,correto,P-correto,VP,1,1,0.977039770397704,0.9193672839506173,0.947326575233552
42,correto,P-correto,VP,1,1,0.977039770397704,0.9193672839506173,0.947326575233552
42,correto,P-correto,VP,1,1,0.977039770397704,0.9193672839506173,0.947326575233552
42,correto,P-correto,VP,1,1,0.977039770397704,0.9193672839506173,0.947326575233552
42,correto,P-correto,VP,1,1,0.977039770397704,0.9193672839506173,0.947326575233552
42,correto,P-correto,VP,1,1,0.977039770397704,0.9193672839506173,0.947326575233552
42,correto,P-correto,VP,1,1,0.977039770397704,0.9193672839506173,0.947326575233552
42,correto,P-correto,VP,1,1,0.977039770397704,0.9193672839506173,0.947326575233552
42,correto,P-correto,VP,1,1,0.977039770397704,0.9193672839506173,0.947326575233552
42,correto,P-correto,VP,1,1,0.977039770397704,0.9193672839506173,0.947326575233552
42,correto,P-correto,VP,1,1,0.977039770397704,0.9193672839506173,0.947326575233552
42,correto,P-incorreto,FP,1,0,0.977039770397704,0.9193672839506173,0.947326575233552
42,correto,P-correto,VP,1,1,0.977039770397704,0.9193672839506173,0.947326575233552
42,correto,P-correto,VP,1,1,0.977039770397704,0.9193672839506173,0.947326575233552
42,correto,P-correto,VP,1,1,0.977039770397704,0.9193672839506173,0.947326575233552
42,correto,P-incorreto,FP,1,0,0.977039770397704,0.9193672839506173,0.947326575233552
42,correto,P-correto,VP,1,1,0.977039770397704,0.9193672839506173,0.947326575233552
42,correto,P-correto,VP,1,1,0.977039770397704,0.9193672839506173,0.947326575233552
26,incorreto,P-incorreto,VN,0,0,0.977039770397704,0.9193672839506173,0.947326575233552
42,correto,P-correto,VP,1,1,0.977039770397704,0.9193672839506173,0.947326575233552
42,correto,P-correto,VP,1,1,0.977039770397704,0.9193672839506173,0.947326575233552
42,correto,P-correto,VP,1,1,0.977039770397704,0.9193672839506173,0.947326575233552
42,correto,P-incorreto,FP,1,0,0.977039770397704,0.9193672839506173,0.947326575233552
42,correto,P-correto,VP,1,1,0.977039770397704,0.9193672839506173,0.947326575233552
42,correto,P-correto,VP,1,1,0.977039770397704,0.9193672839506173,0.947326575233552
42,correto,P-correto,VP,1,1,0.977039770397704,0.9193672839506173,0.947326575233552
42,correto,P-correto,VP,1,1,0.977039770397704,0.9193672839506173,0.947326575233552
42,correto,P-correto,VP,1,1,0.977039770397704,0.9193672839506173,0.947326575233552
42,correto,P-correto,VP,1,1,0.977039770397704,0.9193672839506173,0.947326575233552
42,correto,P-correto,VP,1,1,0.977039770397704,0.9193672839506173,0.947326575233552
42,correto,P-correto,VP,1,1,0.977039770397704,0.9193672839506173,0.947326575233552
42,correto,P-correto,VP,1,1,0.977039770397704,0.9193672839506173,0.947326575233552
42,correto,P-correto,VP,1,1,0.977039770397704,0.9193672839506173,0.947326575233552
42,correto,P-correto,VP,1,1,0.977039770397704,0.9193672839506173,0.947326575233552
42,correto,P-correto,VP,1,1,0.977039770397704,0.9193672839506173,0.947326575233552
42,correto,P-correto,VP,1,1,0.977039770397704,0.9193672839506173,0.947326575233552
42,correto,P-correto,VP,1,1,0.977039770397704,0.9193672839506173,0.947326575233552
42,correto,P-incorreto,FP,1,0,0.977039770397704,0.9193672839506173,0.947326575233552
42,correto,P-correto,VP,1,1,0.977039770397704,0.9193672839506173,0.947326575233552
42,correto,P-correto,VP,1,1,0.977039770397704,0.9193672839506173,0.947326575233552
42,correto,P-correto,VP,1,1,0.977039770397704,0.9193672839506173,0.947326575233552
42,correto,P-correto,VP,1,1,0.977039770397704,0.9193672839506173,0.947326575233552
42,correto,P-correto,VP,1,1,0.977039770397704,0.9193672839506173,0.947326575233552
42,correto,P-correto,VP,1,1,0.977039770397704,0.9193672839506173,0.947326575233552
42,correto,P-correto,VP,1,1,0.977039770397704,0.9193672839506173,0.947326575233552
42,correto,P-correto,VP,1,1,0.977039770397704,0.9193672839506173,0.947326575233552
42,correto,P-correto,VP,1,1,0.977039770397704,0.9193672839506173,0.947326575233552
42,correto,P-correto,VP,1,1,0.977039770397704,0.9193672839506173,0.947326575233552
42,correto,P-correto,VP,1,1,0.977039770397704,0.9193672839506173,0.947326575233552
42,correto,P-correto,VP,1,1,0.977039770397704,0.9193672839506173,0.947326575233552
42,correto,P-correto,VP,1,1,0.977039770397704,0.9193672839506173,0.947326575233552
42,correto,P-correto,VP,1,1,0.977039770397704,0.9193672839506173,0.947326575233552
42,correto,P-correto,VP,1,1,0.977039770397704,0.9193672839506173,0.947326575233552
40,incorreto,P-correto,FN,0,1,0.977039770397704,0.9193672839506173,0.947326575233552
42,correto,P-correto,VP,1,1,0.977039770397704,0.9193672839506173,0.947326575233552
42,correto,P-incorreto,FP,1,0,0.977039770397704,0.9193672839506173,0.947326575233552
42,correto,P-correto,VP,1,1,0.977039770397704,0.9193672839506173,0.947326575233552
42,correto,P-correto,VP,1,1,0.977039770397704,0.9193672839506173,0.947326575233552
42,correto,P-correto,VP,1,1,0.977039770397704,0.9193672839506173,0.947326575233552
42,correto,P-correto,VP,1,1,0.977039770397704,0.9193672839506173,0.947326575233552
42,correto,P-correto,VP,1,1,0.977039770397704,0.9193672839506173,0.947326575233552
42,correto,P-correto,VP,1,1,0.977039770397704,0.9193672839506173,0.947326575233552
42,correto,P-incorreto,FP,1,0,0.977039770397704,0.9193672839506173,0.947326575233552
42,correto,P-incorreto,FP,1,0,0.977039770397704,0.9193672839506173,0.947326575233552
42,correto,P-correto,VP,1,1,0.977039770397704,0.9193672839506173,0.947326575233552
21,incorreto,P-incorreto,VN,0,0,0.977039770397704,0.9193672839506173,0.947326575233552
42,correto,P-correto,VP,1,1,0.977039770397704,0.9193672839506173,0.947326575233552
42,correto,P-correto,VP,1,1,0.977039770397704,0.9193672839506173,0.947326575233552
42,correto,P-correto,VP,1,1,0.977039770397704,0.9193672839506173,0.947326575233552
42,correto,P-correto,VP,1,1,0.977039770397704,0.9193672839506173,0.947326575233552
42,correto,P-correto,VP,1,1,0.977039770397704,0.9193672839506173,0.947326575233552
42,correto,P-correto,VP,1,1,0.977039770397704,0.9193672839506173,0.947326575233552
64,incorreto,P-incorreto,VN,0,0,0.977039770397704,0.9193672839506173,0.947326575233552
42,correto,P-incorreto,FP,1,0,0.977039770397704,0.9193672839506173,0.947326575233552
42,correto,P-correto,VP,1,1,0.977039770397704,0.9193672839506173,0.947326575233552
42,correto,P-correto,VP,1,1,0.977039770397704,0.9193672839506173,0.947326575233552
42,correto,P-correto,VP,1,1,0.977039770397704,0.9193672839506173,0.947326575233552
42,correto,P-correto,VP,1,1,0.977039770397704,0.9193672839506173,0.947326575233552
42,correto,P-correto,VP,1,1,0.977039770397704,0.9193672839506173,0.947326575233552
43,incorreto,P-correto,FN,0,1,0.977039770397704,0.9193672839506173,0.947326575233552
42,correto,P-correto,VP,1,1,0.977039770397704,0.9193672839506173,0.947326575233552
42,correto,P-correto,VP,1,1,0.977039770397704,0.9193672839506173,0.947326575233552
42,correto,P-incorreto,FP,1,0,0.977039770397704,0.9193672839506173,0.947326575233552
42,correto,P-correto,VP,1,1,0.977039770397704,0.9193672839506173,0.947326575233552
42,correto,P-correto,VP,1,1,0.977039770397704,0.9193672839506173,0.947326575233552
41,incorreto,P-correto,FN,0,1,0.977039770397704,0.9193672839506173,0.947326575233552
42,correto,P-correto,VP,1,1,0.977039770397704,0.9193672839506173,0.947326575233552
42,correto,P-correto,VP,1,1,0.977039770397704,0.9193672839506173,0.947326575233552
42,correto,P-correto,VP,1,1,0.977039770397704,0.9193672839506173,0.947326575233552
42,correto,P-correto,VP,1,1,0.977039770397704,0.9193672839506173,0.947326575233552
42,correto,P-correto,VP,1,1,0.977039770397704,0.9193672839506173,0.947326575233552
42,correto,P-correto,VP,1,1,0.977039770397704,0.9193672839506173,0.947326575233552
42,correto,P-correto,VP,1,1,0.977039770397704,0.9193672839506173,0.947326575233552
42,correto,P-correto,VP,1,1,0.977039770397704,0.9193672839506173,0.947326575233552
42,correto,P-correto,VP,1,1,0.977039770397704,0.9193672839506173,0.947326575233552
42,correto,P-correto,VP,1,1,0.977039770397704,0.9193672839506173,0.947326575233552
42,correto,P-correto,VP,1,1,0.977039770397704,0.9193672839506173,0.947326575233552
42,correto,P-correto,VP,1,1,0.977039770397704,0.9193672839506173,0.947326575233552
42,correto,P-correto,VP,1,1,0.977039770397704,0.9193672839506173,0.947326575233552
42,correto,P-correto,VP,1,1,0.977039770397704,0.9193672839506173,0.947326575233552
35,incorreto,P-incorreto,VN,0,0,0.977039770397704,0.9193672839506173,0.947326575233552
42,correto,P-correto,VP,1,1,0.977039770397704,0.9193672839506173,0.947326575233552
60,incorreto,P-incorreto,VN,0,0,0.977039770397704,0.9193672839506173,0.947326575233552
42,correto,P-correto,VP,1,1,0.977039770397704,0.9193672839506173,0.947326575233552
42,correto,P-correto,VP,1,1,0.977039770397704,0.9193672839506173,0.947326575233552
42,correto,P-correto,VP,1,1,0.977039770397704,0.9193672839506173,0.947326575233552
42,correto,P-correto,VP,1,1,0.977039770397704,0.9193672839506173,0.947326575233552
42,correto,P-correto,VP,1,1,0.977039770397704,0.9193672839506173,0.947326575233552
42,correto,P-correto,VP,1,1,0.977039770397704,0.9193672839506173,0.947326575233552
42,correto,P-correto,VP,1,1,0.977039770397704,0.9193672839506173,0.947326575233552
42,correto,P-correto,VP,1,1,0.977039770397704,0.9193672839506173,0.947326575233552
42,correto,P-correto,VP,1,1,0.977039770397704,0.9193672839506173,0.947326575233552
42,correto,P-incorreto,FP,1,0,0.977039770397704,0.9193672839506173,0.947326575233552
42,correto,P-correto,VP,1,1,0.977039770397704,0.9193672839506173,0.947326575233552
42,correto,P-correto,VP,1,1,0.977039770397704,0.9193672839506173,0.947326575233552
42,correto,P-correto,VP,1,1,0.977039770397704,0.9193672839506173,0.947326575233552
42,correto,P-correto,VP,1,1,0.977039770397704,0.9193672839506173,0.947326575233552
42,correto,P-correto,VP,1,1,0.977039770397704,0.9193672839506173,0.947326575233552
42,correto,P-correto,VP,1,1,0.977039770397704,0.9193672839506173,0.947326575233552
42,incorreto,P-correto,FN,0,1,0.977039770397704,0.9193672839506173,0.947326575233552
42,correto,P-correto,VP,1,1,0.977039770397704,0.9193672839506173,0.947326575233552
59,incorreto,P-incorreto,VN,0,0,0.977039770397704,0.9193672839506173,0.947326575233552
42,correto,P-correto,VP,1,1,0.977039770397704,0.9193672839506173,0.947326575233552
42,correto,P-correto,VP,1,1,0.977039770397704,0.9193672839506173,0.947326575233552
42,correto,P-correto,VP,1,1,0.977039770397704,0.9193672839506173,0.947326575233552
42,correto,P-correto,VP,1,1,0.977039770397704,0.9193672839506173,0.947326575233552
42,correto,P-correto,VP,1,1,0.977039770397704,0.9193672839506173,0.947326575233552
42,correto,P-correto,VP,1,1,0.977039770397704,0.9193672839506173,0.947326575233552
42,correto,P-correto,VP,1,1,0.977039770397704,0.9193672839506173,0.947326575233552
42,correto,P-correto,VP,1,1,0.977039770397704,0.9193672839506173,0.947326575233552
42,correto,P-correto,VP,1,1,0.977039770397704,0.9193672839506173,0.947326575233552
42,correto,P-correto,VP,1,1,0.977039770397704,0.9193672839506173,0.947326575233552
42,correto,P-correto,VP,1,1,0.977039770397704,0.9193672839506173,0.947326575233552
42,correto,P-correto,VP,1,1,0.977039770397704,0.9193672839506173,0.947326575233552
42,correto,P-correto,VP,1,1,0.977039770397704,0.9193672839506173,0.947326575233552
42,correto,P-correto,VP,1,1,0.977039770397704,0.9193672839506173,0.947326575233552
42,correto,P-correto,VP,1,1,0.977039770397704,0.9193672839506173,0.947326575233552
31,incorreto,P-incorreto,VN,0,0,0.977039770397704,0.9193672839506173,0.947326575233552
42,correto,P-incorreto,FP,1,0,0.977039770397704,0.9193672839506173,0.947326575233552
42,correto,P-correto,VP,1,1,0.977039770397704,0.9193672839506173,0.947326575233552
42,correto,P-correto,VP,1,1,0.977039770397704,0.9193672839506173,0.947326575233552
42,correto,P-correto,VP,1,1,0.977039770397704,0.9193672839506173,0.947326575233552
42,correto,P-correto,VP,1,1,0.977039770397704,0.9193672839506173,0.947326575233552
42,correto,P-correto,VP,1,1,0.977039770397704,0.9193672839506173,0.947326575233552
42,correto,P-correto,VP,1,1,0.977039770397704,0.9193672839506173,0.947326575233552
42,correto,P-correto,VP,1,1,0.977039770397704,0.9193672839506173,0.947326575233552
37,incorreto,P-incorreto,VN,0,0,0.977039770397704,0.9193672839506173,0.947326575233552
42,correto,P-correto,VP,1,1,0.977039770397704,0.9193672839506173,0.947326575233552
42,correto,P-correto,VP,1,1,0.977039770397704,0.9193672839506173,0.947326575233552
42,correto,P-incorreto,FP,1,0,0.977039770397704,0.9193672839506173,0.947326575233552
42,correto,P-correto,VP,1,1,0.977039770397704,0.9193672839506173,0.947326575233552
42,correto,P-correto,VP,1,1,0.977039770397704,0.9193672839506173,0.947326575233552
42,correto,P-incorreto,FP,1,0,0.977039770397704,0.9193672839506173,0.947326575233552
42,correto,P-correto,VP,1,1,0.977039770397704,0.9193672839506173,0.947326575233552
42,correto,P-correto,VP,1,1,0.977039770397704,0.9193672839506173,0.947326575233552
42,correto,P-correto,VP,1,1,0.977039770397704,0.9193672839506173,0.947326575233552
17,incorreto,P-incorreto,VN,0,0,0.977039770397704,0.9193672839506173,0.947326575233552
42,correto,P-correto,VP,1,1,0.977039770397704,0.9193672839506173,0.947326575233552
42,correto,P-correto,VP,1,1,0.977039770397704,0.9193672839506173,0.947326575233552
42,correto,P-correto,VP,1,1,0.977039770397704,0.9193672839506173,0.947326575233552
42,correto,P-correto,VP,1,1,0.977039770397704,0.9193672839506173,0.947326575233552
42,correto,P-correto,VP,1,1,0.977039770397704,0.9193672839506173,0.947326575233552
42,correto,P-correto,VP,1,1,0.977039770397704,0.9193672839506173,0.947326575233552
42,correto,P-correto,VP,1,1,0.977039770397704,0.9193672839506173,0.947326575233552
42,correto,P-correto,VP,1,1,0.977039770397704,0.9193672839506173,0.947326575233552
42,correto,P-correto,VP,1,1,0.977039770397704,0.9193672839506173,0.947326575233552
42,correto,P-correto,VP,1,1,0.977039770397704,0.9193672839506173,0.947326575233552
42,correto,P-correto,VP,1,1,0.977039770397704,0.9193672839506173,0.947326575233552
42,correto,P-correto,VP,1,1,0.977039770397704,0.9193672839506173,0.947326575233552
23,incorreto,P-incorreto,VN,0,0,0.977039770397704,0.9193672839506173,0.947326575233552
44,incorreto,P-incorreto,VN,0,0,0.977039770397704,0.9193672839506173,0.947326575233552
42,correto,P-correto,VP,1,1,0.977039770397704,0.9193672839506173,0.947326575233552
42,correto,P-correto,VP,1,1,0.977039770397704,0.9193672839506173,0.947326575233552
42,correto,P-correto,VP,1,1,0.977039770397704,0.9193672839506173,0.947326575233552
42,correto,P-correto,VP,1,1,0.977039770397704,0.9193672839506173,0.947326575233552
42,correto,P-correto,VP,1,1,0.977039770397704,0.9193672839506173,0.947326575233552
50,incorreto,P-incorreto,VN,0,0,0.977039770397704,0.9193672839506173,0.947326575233552
42,correto,P-correto,VP,1,1,0.977039770397704,0.9193672839506173,0.947326575233552
42,correto,P-correto,VP,1,1,0.977039770397704,0.9193672839506173,0.947326575233552
42,correto,P-correto,VP,1,1,0.977039770397704,0.9193672839506173,0.947326575233552
42,correto,P-correto,VP,1,1,0.977039770397704,0.9193672839506173,0.947326575233552
42,correto,P-correto,VP,1,1,0.977039770397704,0.9193672839506173,0.947326575233552
42,correto,P-correto,VP,1,1,0.977039770397704,0.9193672839506173,0.947326575233552
42,correto,P-correto,VP,1,1,0.977039770397704,0.9193672839506173,0.947326575233552
42,correto,P-correto,VP,1,1,0.977039770397704,0.9193672839506173,0.947326575233552
42,correto,P-correto,VP,1,1,0.977039770397704,0.9193672839506173,0.947326575233552
42,correto,P-correto,VP,1,1,0.977039770397704,0.9193672839506173,0.947326575233552
32,incorreto,P-incorreto,VN,0,0,0.977039770397704,0.9193672839506173,0.947326575233552
42,correto,P-correto,VP,1,1,0.977039770397704,0.9193672839506173,0.947326575233552
42,correto,P-incorreto,FP,1,0,0.977039770397704,0.9193672839506173,0.947326575233552
42,correto,P-correto,VP,1,1,0.977039770397704,0.9193672839506173,0.947326575233552
42,correto,P-correto,VP,1,1,0.977039770397704,0.9193672839506173,0.947326575233552
42,correto,P-correto,VP,1,1,0.977039770397704,0.9193672839506173,0.947326575233552
42,correto,P-correto,VP,1,1,0.977039770397704,0.9193672839506173,0.947326575233552
42,correto,P-correto,VP,1,1,0.977039770397704,0.9193672839506173,0.947326575233552
42,correto,P-correto,VP,1,1,0.977039770397704,0.9193672839506173,0.947326575233552
42,correto,P-correto,VP,1,1,0.977039770397704,0.9193672839506173,0.947326575233552
42,correto,P-incorreto,FP,1,0,0.977039770397704,0.9193672839506173,0.947326575233552
42,correto,P-correto,VP,1,1,0.977039770397704,0.9193672839506173,0.947326575233552
48,incorreto,P-incorreto,VN,0,0,0.977039770397704,0.9193672839506173,0.947326575233552
42,correto,P-correto,VP,1,1,0.977039770397704,0.9193672839506173,0.947326575233552
42,correto,P-correto,VP,1,1,0.977039770397704,0.9193672839506173,0.947326575233552
42,correto,P-correto,VP,1,1,0.977039770397704,0.9193672839506173,0.947326575233552
42,correto,P-correto,VP,1,1,0.977039770397704,0.9193672839506173,0.947326575233552
42,correto,P-correto,VP,1,1,0.977039770397704,0.9193672839506173,0.947326575233552
42,correto,P-correto,VP,1,1,0.977039770397704,0.9193672839506173,0.947326575233552
42,correto,P-correto,VP,1,1,0.977039770397704,0.9193672839506173,0.947326575233552
42,correto,P-correto,VP,1,1,0.977039770397704,0.9193672839506173,0.947326575233552
42,correto,P-correto,VP,1,1,0.977039770397704,0.9193672839506173,0.947326575233552
42,correto,P-correto,VP,1,1,0.977039770397704,0.9193672839506173,0.947326575233552
42,correto,P-correto,VP,1,1,0.977039770397704,0.9193672839506173,0.947326575233552
42,correto,P-incorreto,FP,1,0,0.977039770397704,0.9193672839506173,0.947326575233552
42,correto,P-correto,VP,1,1,0.977039770397704,0.9193672839506173,0.947326575233552
42,correto,P-incorreto,FP,1,0,0.977039770397704,0.9193672839506173,0.947326575233552
42,correto,P-correto,VP,1,1,0.977039770397704,0.9193672839506173,0.947326575233552
42,correto,P-correto,VP,1,1,0.977039770397704,0.9193672839506173,0.947326575233552
42,correto,P-incorreto,FP,1,0,0.977039770397704,0.9193672839506173,0.947326575233552
42,correto,P-correto,VP,1,1,0.977039770397704,0.9193672839506173,0.947326575233552
42,correto,P-correto,VP,1,1,0.977039770397704,0.9193672839506173,0.947326575233552
42,correto,P-correto,VP,1,1,0.977039770397704,0.9193672839506173,0.947326575233552
42,correto,P-correto,VP,1,1,0.977039770397704,0.9193672839506173,0.947326575233552
42,correto,P-correto,VP,1,1,0.977039770397704,0.9193672839506173,0.947326575233552
42,correto,P-correto,VP,1,1,0.977039770397704,0.9193672839506173,0.947326575233552
42,correto,P-correto,VP,1,1,0.977039770397704,0.9193672839506173,0.947326575233552
48,incorreto,P-incorreto,VN,0,0,0.977039770397704,0.9193672839506173,0.947326575233552
42,correto,P-correto,VP,1,1,0.977039770397704,0.9193672839506173,0.947326575233552
42,correto,P-correto,VP,1,1,0.977039770397704,0.9193672839506173,0.947326575233552
42,correto,P-correto,VP,1,1,0.977039770397704,0.9193672839506173,0.947326575233552
42,correto,P-correto,VP,1,1,0.977039770397704,0.9193672839506173,0.947326575233552
42,correto,P-correto,VP,1,1,0.977039770397704,0.9193672839506173,0.947326575233552
42,correto,P-correto,VP,1,1,0.977039770397704,0.9193672839506173,0.947326575233552
54,incorreto,P-incorreto,VN,0,0,0.977039770397704,0.9193672839506173,0.947326575233552
42,correto,P-correto,VP,1,1,0.977039770397704,0.9193672839506173,0.947326575233552
42,correto,P-correto,VP,1,1,0.977039770397704,0.9193672839506173,0.947326575233552
42,correto,P-correto,VP,1,1,0.977039770397704,0.9193672839506173,0.947326575233552
42,correto,P-correto,VP,1,1,0.977039770397704,0.9193672839506173,0.947326575233552
42,correto,P-correto,VP,1,1,0.977039770397704,0.9193672839506173,0.947326575233552
42,correto,P-correto,VP,1,1,0.977039770397704,0.9193672839506173,0.947326575233552
42,correto,P-correto,VP,1,1,0.977039770397704,0.9193672839506173,0.947326575233552
42,correto,P-correto,VP,1,1,0.977039770397704,0.9193672839506173,0.947326575233552
42,correto,P-correto,VP,1,1,0.977039770397704,0.9193672839506173,0.947326575233552
42,correto,P-correto,VP,1,1,0.977039770397704,0.9193672839506173,0.947326575233552
42,correto,P-correto,VP,1,1,0.977039770397704,0.9193672839506173,0.947326575233552
42,incorreto,P-correto,FN,0,1,0.977039770397704,0.9193672839506173,0.947326575233552
42,correto,P-correto,VP,1,1,0.977039770397704,0.9193672839506173,0.947326575233552
42,correto,P-correto,VP,1,1,0.977039770397704,0.9193672839506173,0.947326575233552
42,correto,P-correto,VP,1,1,0.977039770397704,0.9193672839506173,0.947326575233552
42,correto,P-correto,VP,1,1,0.977039770397704,0.9193672839506173,0.947326575233552
42,correto,P-correto,VP,1,1,0.977039770397704,0.9193672839506173,0.947326575233552
42,correto,P-correto,VP,1,1,0.977039770397704,0.9193672839506173,0.947326575233552
42,correto,P-correto,VP,1,1,0.977039770397704,0.9193672839506173,0.947326575233552
42,correto,P-correto,VP,1,1,0.977039770397704,0.9193672839506173,0.947326575233552
42,correto,P-correto,VP,1,1,0.977039770397704,0.9193672839506173,0.947326575233552
42,correto,P-correto,VP,1,1,0.977039770397704,0.9193672839506173,0.947326575233552
42,correto,P-correto,VP,1,1,0.977039770397704,0.9193672839506173,0.947326575233552
42,correto,P-incorreto,FP,1,0,0.977039770397704,0.9193672839506173,0.947326575233552
42,correto,P-correto,VP,1,1,0.977039770397704,0.9193672839506173,0.947326575233552
42,correto,P-correto,VP,1,1,0.977039770397704,0.9193672839506173,0.947326575233552
42,correto,P-correto,VP,1,1,0.977039770397704,0.9193672839506173,0.947326575233552
29,incorreto,P-incorreto,VN,0,0,0.977039770397704,0.9193672839506173,0.947326575233552
42,correto,P-correto,VP,1,1,0.977039770397704,0.9193672839506173,0.947326575233552
42,correto,P-correto,VP,1,1,0.977039770397704,0.9193672839506173,0.947326575233552
42,correto,P-correto,VP,1,1,0.977039770397704,0.9193672839506173,0.947326575233552
42,correto,P-correto,VP,1,1,0.977039770397704,0.9193672839506173,0.947326575233552
42,correto,P-correto,VP,1,1,0.977039770397704,0.9193672839506173,0.947326575233552
42,correto,P-correto,VP,1,1,0.977039770397704,0.9193672839506173,0.947326575233552
42,correto,P-correto,VP,1,1,0.977039770397704,0.9193672839506173,0.947326575233552
42,correto,P-correto,VP,1,1,0.977039770397704,0.9193672839506173,0.947326575233552
54,incorreto,P-incorreto,VN,0,0,0.977039770397704,0.9193672839506173,0.947326575233552
42,correto,P-correto,VP,1,1,0.977039770397704,0.9193672839506173,0.947326575233552
42,correto,P-correto,VP,1,1,0.977039770397704,0.9193672839506173,0.947326575233552
42,correto,P-correto,VP,1,1,0.977039770397704,0.9193672839506173,0.947326575233552
42,correto,P-correto,VP,1,1,0.977039770397704,0.9193672839506173,0.947326575233552
42,correto,P-correto,VP,1,1,0.977039770397704,0.9193672839506173,0.947326575233552
39,incorreto,P-correto,FN,0,1,0.977039770397704,0.9193672839506173,0.947326575233552
42,correto,P-correto,VP,1,1,0.977039770397704,0.9193672839506173,0.947326575233552
42,correto,P-correto,VP,1,1,0.977039770397704,0.9193672839506173,0.947326575233552
42,correto,P-correto,VP,1,1,0.977039770397704,0.9193672839506173,0.947326575233552
42,correto,P-correto,VP,1,1,0.977039770397704,0.9193672839506173,0.947326575233552
42,correto,P-correto,VP,1,1,0.977039770397704,0.9193672839506173,0.947326575233552
42,correto,P-correto,VP,1,1,0.977039770397704,0.9193672839506173,0.947326575233552
42,correto,P-correto,VP,1,1,0.977039770397704,0.9193672839506173,0.947326575233552
42,correto,P-correto,VP,1,1,0.977039770397704,0.9193672839506173,0.947326575233552
42,correto,P-correto,VP,1,1,0.977039770397704,0.9193672839506173,0.947326575233552
42,correto,P-correto,VP,1,1,0.977039770397704,0.9193672839506173,0.947326575233552
42,correto,P-correto,VP,1,1,0.977039770397704,0.9193672839506173,0.947326575233552
42,correto,P-correto,VP,1,1,0.977039770397704,0.9193672839506173,0.947326575233552
42,correto,P-correto,VP,1,1,0.977039770397704,0.9193672839506173,0.947326575233552
42,correto,P-correto,VP,1,1,0.977039770397704,0.9193672839506173,0.947326575233552
42,correto,P-correto,VP,1,1,0.977039770397704,0.9193672839506173,0.947326575233552
42,correto,P-correto,VP,1,1,0.977039770397704,0.9193672839506173,0.947326575233552
42,correto,P-correto,VP,1,1,0.977039770397704,0.9193672839506173,0.947326575233552
42,correto,P-correto,VP,1,1,0.977039770397704,0.9193672839506173,0.947326575233552
42,correto,P-correto,VP,1,1,0.977039770397704,0.9193672839506173,0.947326575233552
42,correto,P-correto,VP,1,1,0.977039770397704,0.9193672839506173,0.947326575233552
42,correto,P-correto,VP,1,1,0.977039770397704,0.9193672839506173,0.947326575233552
42,correto,P-correto,VP,1,1,0.977039770397704,0.9193672839506173,0.947326575233552
42,correto,P-correto,VP,1,1,0.977039770397704,0.9193672839506173,0.947326575233552
51,incorreto,P-incorreto,VN,0,0,0.977039770397704,0.9193672839506173,0.947326575233552
42,correto,P-correto,VP,1,1,0.977039770397704,0.9193672839506173,0.947326575233552
39,incorreto,P-incorreto,VN,0,0,0.977039770397704,0.9193672839506173,0.947326575233552
42,correto,P-correto,VP,1,1,0.977039770397704,0.9193672839506173,0.947326575233552
42,correto,P-correto,VP,1,1,0.977039770397704,0.9193672839506173,0.947326575233552
34,incorreto,P-incorreto,VN,0,0,0.977039770397704,0.9193672839506173,0.947326575233552
42,correto,P-correto,VP,1,1,0.977039770397704,0.9193672839506173,0.947326575233552
42,correto,P-correto,VP,1,1,0.977039770397704,0.9193672839506173,0.947326575233552
42,correto,P-correto,VP,1,1,0.977039770397704,0.9193672839506173,0.947326575233552
42,correto,P-correto,VP,1,1,0.977039770397704,0.9193672839506173,0.947326575233552
42,correto,P-correto,VP,1,1,0.977039770397704,0.9193672839506173,0.947326575233552
42,correto,P-correto,VP,1,1,0.977039770397704,0.9193672839506173,0.947326575233552
42,correto,P-correto,VP,1,1,0.977039770397704,0.9193672839506173,0.947326575233552
42,correto,P-correto,VP,1,1,0.977039770397704,0.9193672839506173,0.947326575233552
42,correto,P-incorreto,FP,1,0,0.977039770397704,0.9193672839506173,0.947326575233552
42,correto,P-correto,VP,1,1,0.977039770397704,0.9193672839506173,0.947326575233552
27,incorreto,P-incorreto,VN,0,0,0.977039770397704,0.9193672839506173,0.947326575233552
42,correto,P-correto,VP,1,1,0.977039770397704,0.9193672839506173,0.947326575233552
42,correto,P-correto,VP,1,1,0.977039770397704,0.9193672839506173,0.947326575233552
42,correto,P-incorreto,FP,1,0,0.977039770397704,0.9193672839506173,0.947326575233552
42,correto,P-incorreto,FP,1,0,0.977039770397704,0.9193672839506173,0.947326575233552
42,correto,P-correto,VP,1,1,0.977039770397704,0.9193672839506173,0.947326575233552
43,incorreto,P-incorreto,VN,0,0,0.977039770397704,0.9193672839506173,0.947326575233552
42,correto,P-correto,VP,1,1,0.977039770397704,0.9193672839506173,0.947326575233552
42,correto,P-correto,VP,1,1,0.977039770397704,0.9193672839506173,0.947326575233552
35,incorreto,P-incorreto,VN,0,0,0.977039770397704,0.9193672839506173,0.947326575233552
42,correto,P-incorreto,FP,1,0,0.977039770397704,0.9193672839506173,0.947326575233552
42,correto,P-correto,VP,1,1,0.977039770397704,0.9193672839506173,0.947326575233552
42,correto,P-correto,VP,1,1,0.977039770397704,0.9193672839506173,0.947326575233552
52,incorreto,P-incorreto,VN,0,0,0.977039770397704,0.9193672839506173,0.947326575233552
42,correto,P-correto,VP,1,1,0.977039770397704,0.9193672839506173,0.947326575233552
42,correto,P-correto,VP,1,1,0.977039770397704,0.9193672839506173,0.947326575233552
56,incorreto,P-incorreto,VN,0,0,0.977039770397704,0.9193672839506173,0.947326575233552
42,correto,P-correto,VP,1,1,0.977039770397704,0.9193672839506173,0.947326575233552
42,correto,P-correto,VP,1,1,0.977039770397704,0.9193672839506173,0.947326575233552
42,correto,P-correto,VP,1,1,0.977039770397704,0.9193672839506173,0.947326575233552
42,correto,P-correto,VP,1,1,0.977039770397704,0.9193672839506173,0.947326575233552
42,correto,P-correto,VP,1,1,0.977039770397704,0.9193672839506173,0.947326575233552
42,correto,P-correto,VP,1,1,0.977039770397704,0.9193672839506173,0.947326575233552
42,correto,P-correto,VP,1,1,0.977039770397704,0.9193672839506173,0.947326575233552
42,correto,P-correto,VP,1,1,0.977039770397704,0.9193672839506173,0.947326575233552
42,correto,P-correto,VP,1,1,0.977039770397704,0.9193672839506173,0.947326575233552
42,correto,P-correto,VP,1,1,0.977039770397704,0.9193672839506173,0.947326575233552
42,correto,P-correto,VP,1,1,0.977039770397704,0.9193672839506173,0.947326575233552
42,correto,P-incorreto,FP,1,0,0.977039770397704,0.9193672839506173,0.947326575233552
28,incorreto,P-incorreto,VN,0,0,0.977039770397704,0.9193672839506173,0.947326575233552
42,correto,P-correto,VP,1,1,0.977039770397704,0.9193672839506173,0.947326575233552
42,correto,P-correto,VP,1,1,0.977039770397704,0.9193672839506173,0.947326575233552
42,correto,P-correto,VP,1,1,0.977039770397704,0.9193672839506173,0.947326575233552
42,correto,P-correto,VP,1,1,0.977039770397704,0.9193672839506173,0.947326575233552
42,correto,P-correto,VP,1,1,0.977039770397704,0.9193672839506173,0.947326575233552
31,incorreto,P-incorreto,VN,0,0,0.977039770397704,0.9193672839506173,0.947326575233552
42,correto,P-incorreto,FP,1,0,0.977039770397704,0.9193672839506173,0.947326575233552
42,correto,P-correto,VP,1,1,0.977039770397704,0.9193672839506173,0.947326575233552
42,correto,P-correto,VP,1,1,0.977039770397704,0.9193672839506173,0.947326575233552
42,correto,P-correto,VP,1,1,0.977039770397704,0.9193672839506173,0.947326575233552
59,incorreto,P-incorreto,VN,0,0,0.977039770397704,0.9193672839506173,0.947326575233552
42,correto,P-correto,VP,1,1,0.977039770397704,0.9193672839506173,0.947326575233552
42,correto,P-correto,VP,1,1,0.977039770397704,0.9193672839506173,0.947326575233552
46,incorreto,P-incorreto,VN,0,0,0.977039770397704,0.9193672839506173,0.947326575233552
42,correto,P-correto,VP,1,1,0.977039770397704,0.9193672839506173,0.947326575233552
42,correto,P-correto,VP,1,1,0.977039770397704,0.9193672839506173,0.947326575233552
39,incorreto,P-correto,FN,0,1,0.977039770397704,0.9193672839506173,0.947326575233552
42,correto,P-correto,VP,1,1,0.977039770397704,0.9193672839506173,0.947326575233552
42,correto,P-correto,VP,1,1,0.977039770397704,0.9193672839506173,0.947326575233552
42,correto,P-correto,VP,1,1,0.977039770397704,0.9193672839506173,0.947326575233552
42,correto,P-correto,VP,1,1,0.977039770397704,0.9193672839506173,0.947326575233552
42,correto,P-correto,VP,1,1,0.977039770397704,0.9193672839506173,0.947326575233552
42,correto,P-correto,VP,1,1,0.977039770397704,0.9193672839506173,0.947326575233552
42,correto,P-correto,VP,1,1,0.977039770397704,0.9193672839506173,0.947326575233552
42,correto,P-correto,VP,1,1,0.977039770397704,0.9193672839506173,0.947326575233552
42,correto,P-correto,VP,1,1,0.977039770397704,0.9193672839506173,0.947326575233552
38,incorreto,P-incorreto,VN,0,0,0.977039770397704,0.9193672839506173,0.947326575233552
42,correto,P-correto,VP,1,1,0.977039770397704,0.9193672839506173,0.947326575233552
42,correto,P-correto,VP,1,1,0.977039770397704,0.9193672839506173,0.947326575233552
42,correto,P-correto,VP,1,1,0.977039770397704,0.9193672839506173,0.947326575233552
42,correto,P-correto,VP,1,1,0.977039770397704,0.9193672839506173,0.947326575233552
42,correto,P-correto,VP,1,1,0.977039770397704,0.9193672839506173,0.947326575233552
42,correto,P-correto,VP,1,1,0.977039770397704,0.9193672839506173,0.947326575233552
42,correto,P-correto,VP,1,1,0.977039770397704,0.9193672839506173,0.947326575233552
42,correto,P-correto,VP,1,1,0.977039770397704,0.9193672839506173,0.947326575233552
42,correto,P-correto,VP,1,1,0.977039770397704,0.9193672839506173,0.947326575233552
42,correto,P-correto,VP,1,1,0.977039770397704,0.9193672839506173,0.947326575233552
50,incorreto,P-incorreto,VN,0,0,0.977039770397704,0.9193672839506173,0.947326575233552
42,correto,P-correto,VP,1,1,0.977039770397704,0.9193672839506173,0.947326575233552
42,correto,P-incorreto,FP,1,0,0.977039770397704,0.9193672839506173,0.947326575233552
42,correto,P-correto,VP,1,1,0.977039770397704,0.9193672839506173,0.947326575233552
42,correto,P-correto,VP,1,1,0.977039770397704,0.9193672839506173,0.947326575233552
42,correto,P-correto,VP,1,1,0.977039770397704,0.9193672839506173,0.947326575233552
42,correto,P-correto,VP,1,1,0.977039770397704,0.9193672839506173,0.947326575233552
42,correto,P-correto,VP,1,1,0.977039770397704,0.9193672839506173,0.947326575233552
42,correto,P-correto,VP,1,1,0.977039770397704,0.9193672839506173,0.947326575233552
42,correto,P-incorreto,FP,1,0,0.977039770397704,0.9193672839506173,0.947326575233552
42,correto,P-correto,VP,1,1,0.977039770397704,0.9193672839506173,0.947326575233552
42,correto,P-correto,VP,1,1,0.977039770397704,0.9193672839506173,0.947326575233552
42,correto,P-correto,VP,1,1,0.977039770397704,0.9193672839506173,0.947326575233552
42,correto,P-correto,VP,1,1,0.977039770397704,0.9193672839506173,0.947326575233552
42,correto,P-correto,VP,1,1,0.977039770397704,0.9193672839506173,0.947326575233552
42,correto,P-correto,VP,1,1,0.977039770397704,0.9193672839506173,0.947326575233552
42,correto,P-correto,VP,1,1,0.977039770397704,0.9193672839506173,0.947326575233552
42,correto,P-correto,VP,1,1,0.977039770397704,0.9193672839506173,0.947326575233552
42,correto,P-correto,VP,1,1,0.977039770397704,0.9193672839506173,0.947326575233552
42,correto,P-correto,VP,1,1,0.977039770397704,0.9193672839506173,0.947326575233552
42,correto,P-correto,VP,1,1,0.977039770397704,0.9193672839506173,0.947326575233552
42,correto,P-correto,VP,1,1,0.977039770397704,0.9193672839506173,0.947326575233552
42,correto,P-correto,VP,1,1,0.977039770397704,0.9193672839506173,0.947326575233552
42,correto,P-incorreto,FP,1,0,0.977039770397704,0.9193672839506173,0.947326575233552
42,correto,P-correto,VP,1,1,0.977039770397704,0.9193672839506173,0.947326575233552
42,correto,P-correto,VP,1,1,0.977039770397704,0.9193672839506173,0.947326575233552
42,correto,P-correto,VP,1,1,0.977039770397704,0.9193672839506173,0.947326575233552
42,correto,P-correto,VP,1,1,0.977039770397704,0.9193672839506173,0.947326575233552
42,correto,P-correto,VP,1,1,0.977039770397704,0.9193672839506173,0.947326575233552
42,correto,P-correto,VP,1,1,0.977039770397704,0.9193672839506173,0.947326575233552
42,correto,P-correto,VP,1,1,0.977039770397704,0.9193672839506173,0.947326575233552
42,correto,P-correto,VP,1,1,0.977039770397704,0.9193672839506173,0.947326575233552
42,correto,P-correto,VP,1,1,0.977039770397704,0.9193672839506173,0.947326575233552
42,correto,P-correto,VP,1,1,0.977039770397704,0.9193672839506173,0.947326575233552
42,correto,P-correto,VP,1,1,0.977039770397704,0.9193672839506173,0.947326575233552
42,correto,P-correto,VP,1,1,0.977039770397704,0.9193672839506173,0.947326575233552
33,incorreto,P-incorreto,VN,0,0,0.977039770397704,0.9193672839506173,0.947326575233552
42,correto,P-correto,VP,1,1,0.977039770397704,0.9193672839506173,0.947326575233552
42,correto,P-correto,VP,1,1,0.977039770397704,0.9193672839506173,0.947326575233552
54,incorreto,P-incorreto,VN,0,0,0.977039770397704,0.9193672839506173,0.947326575233552
42,correto,P-correto,VP,1,1,0.977039770397704,0.9193672839506173,0.947326575233552
42,correto,P-correto,VP,1,1,0.977039770397704,0.9193672839506173,0.947326575233552
42,correto,P-correto,VP,1,1,0.977039770397704,0.9193672839506173,0.947326575233552
18,incorreto,P-incorreto,VN,0,0,0.977039770397704,0.9193672839506173,0.947326575233552
42,correto,P-correto,VP,1,1,0.977039770397704,0.9193672839506173,0.947326575233552
30,incorreto,P-correto,FN,0,1,0.977039770397704,0.9193672839506173,0.947326575233552
62,incorreto,P-incorreto,VN,0,0,0.977039770397704,0.9193672839506173,0.947326575233552
42,correto,P-correto,VP,1,1,0.977039770397704,0.9193672839506173,0.947326575233552
42,correto,P-correto,VP,1,1,0.977039770397704,0.9193672839506173,0.947326575233552
42,correto,P-correto,VP,1,1,0.977039770397704,0.9193672839506173,0.947326575233552
42,correto,P-correto,VP,1,1,0.977039770397704,0.9193672839506173,0.947326575233552
42,correto,P-correto,VP,1,1,0.977039770397704,0.9193672839506173,0.947326575233552
42,correto,P-correto,VP,1,1,0.977039770397704,0.9193672839506173,0.947326575233552
42,correto,P-correto,VP,1,1,0.977039770397704,0.9193672839506173,0.947326575233552
42,correto,P-correto,VP,1,1,0.977039770397704,0.9193672839506173,0.947326575233552
43,incorreto,P-correto,FN,0,1,0.977039770397704,0.9193672839506173,0.947326575233552
42,correto,P-incorreto,FP,1,0,0.977039770397704,0.9193672839506173,0.947326575233552
47,incorreto,P-incorreto,VN,0,0,0.977039770397704,0.9193672839506173,0.947326575233552
42,correto,P-correto,VP,1,1,0.977039770397704,0.9193672839506173,0.947326575233552
42,correto,P-correto,VP,1,1,0.977039770397704,0.9193672839506173,0.947326575233552
42,correto,P-correto,VP,1,1,0.977039770397704,0.9193672839506173,0.947326575233552
42,correto,P-correto,VP,1,1,0.977039770397704,0.9193672839506173,0.947326575233552
34,incorreto,P-incorreto,VN,0,0,0.977039770397704,0.9193672839506173,0.947326575233552
42,correto,P-correto,VP,1,1,0.977039770397704,0.9193672839506173,0.947326575233552
42,correto,P-correto,VP,1,1,0.977039770397704,0.9193672839506173,0.947326575233552
42,correto,P-correto,VP,1,1,0.977039770397704,0.9193672839506173,0.947326575233552
42,correto,P-correto,VP,1,1,0.977039770397704,0.9193672839506173,0.947326575233552
42,correto,P-correto,VP,1,1,0.977039770397704,0.9193672839506173,0.947326575233552
42,correto,P-correto,VP,1,1,0.977039770397704,0.9193672839506173,0.947326575233552
42,correto,P-correto,VP,1,1,0.977039770397704,0.9193672839506173,0.947326575233552
42,correto,P-correto,VP,1,1,0.977039770397704,0.9193672839506173,0.947326575233552
42,correto,P-correto,VP,1,1,0.977039770397704,0.9193672839506173,0.947326575233552
36,incorreto,P-incorreto,VN,0,0,0.977039770397704,0.9193672839506173,0.947326575233552
42,correto,P-correto,VP,1,1,0.977039770397704,0.9193672839506173,0.947326575233552
42,correto,P-correto,VP,1,1,0.977039770397704,0.9193672839506173,0.947326575233552
42,correto,P-correto,VP,1,1,0.977039770397704,0.9193672839506173,0.947326575233552
42,correto,P-incorreto,FP,1,0,0.977039770397704,0.9193672839506173,0.947326575233552
42,correto,P-correto,VP,1,1,0.977039770397704,0.9193672839506173,0.947326575233552
42,correto,P-incorreto,FP,1,0,0.977039770397704,0.9193672839506173,0.947326575233552
42,correto,P-correto,VP,1,1,0.977039770397704,0.9193672839506173,0.947326575233552
42,correto,P-correto,VP,1,1,0.977039770397704,0.9193672839506173,0.947326575233552
42,correto,P-correto,VP,1,1,0.977039770397704,0.9193672839506173,0.947326575233552
42,correto,P-correto,VP,1,1,0.977039770397704,0.9193672839506173,0.947326575233552
42,correto,P-correto,VP,1,1,0.977039770397704,0.9193672839506173,0.947326575233552
42,correto,P-correto,VP,1,1,0.977039770397704,0.9193672839506173,0.947326575233552
42,correto,P-correto,VP,1,1,0.977039770397704,0.9193672839506173,0.947326575233552
42,correto,P-incorreto,FP,1,0,0.977039770397704,0.9193672839506173,0.947326575233552
42,correto,P-correto,VP,1,1,0.977039770397704,0.9193672839506173,0.947326575233552
42,correto,P-correto,VP,1,1,0.977039770397704,0.9193672839506173,0.947326575233552
42,correto,P-correto,VP,1,1,0.977039770397704,0.9193672839506173,0.947326575233552
42,correto,P-correto,VP,1,1,0.977039770397704,0.9193672839506173,0.947326575233552
42,correto,P-correto,VP,1,1,0.977039770397704,0.9193672839506173,0.947326575233552
42,correto,P-correto,VP,1,1,0.977039770397704,0.9193672839506173,0.947326575233552
42,correto,P-correto,VP,1,1,0.977039770397704,0.9193672839506173,0.947326575233552
42,correto,P-correto,VP,1,1,0.977039770397704,0.9193672839506173,0.947326575233552
38,incorreto,P-incorreto,VN,0,0,0.977039770397704,0.9193672839506173,0.947326575233552
42,correto,P-correto,VP,1,1,0.977039770397704,0.9193672839506173,0.947326575233552
42,correto,P-correto,VP,1,1,0.977039770397704,0.9193672839506173,0.947326575233552
42,correto,P-correto,VP,1,1,0.977039770397704,0.9193672839506173,0.947326575233552
42,correto,P-correto,VP,1,1,0.977039770397704,0.9193672839506173,0.947326575233552
42,correto,P-correto,VP,1,1,0.977039770397704,0.9193672839506173,0.947326575233552
42,correto,P-correto,VP,1,1,0.977039770397704,0.9193672839506173,0.947326575233552
42,correto,P-correto,VP,1,1,0.977039770397704,0.9193672839506173,0.947326575233552
42,correto,P-correto,VP,1,1,0.977039770397704,0.9193672839506173,0.947326575233552
42,correto,P-correto,VP,1,1,0.977039770397704,0.9193672839506173,0.947326575233552
42,correto,P-correto,VP,1,1,0.977039770397704,0.9193672839506173,0.947326575233552
42,correto,P-correto,VP,1,1,0.977039770397704,0.9193672839506173,0.947326575233552
42,correto,P-correto,VP,1,1,0.977039770397704,0.9193672839506173,0.947326575233552
42,correto,P-correto,VP,1,1,0.977039770397704,0.9193672839506173,0.947326575233552
42,correto,P-correto,VP,1,1,0.977039770397704,0.9193672839506173,0.947326575233552
42,correto,P-correto,VP,1,1,0.977039770397704,0.9193672839506173,0.947326575233552
42,correto,P-correto,VP,1,1,0.977039770397704,0.9193672839506173,0.947326575233552
42,correto,P-correto,VP,1,1,0.977039770397704,0.9193672839506173,0.947326575233552
42,correto,P-incorreto,FP,1,0,0.977039770397704,0.9193672839506173,0.947326575233552
42,correto,P-correto,VP,1,1,0.977039770397704,0.9193672839506173,0.947326575233552
42,correto,P-correto,VP,1,1,0.977039770397704,0.9193672839506173,0.947326575233552
41,incorreto,P-correto,FN,0,1,0.977039770397704,0.9193672839506173,0.947326575233552
42,correto,P-correto,VP,1,1,0.977039770397704,0.9193672839506173,0.947326575233552
42,correto,P-correto,VP,1,1,0.977039770397704,0.9193672839506173,0.947326575233552
42,correto,P-correto,VP,1,1,0.977039770397704,0.9193672839506173,0.947326575233552
42,correto,P-correto,VP,1,1,0.977039770397704,0.9193672839506173,0.947326575233552
42,correto,P-correto,VP,1,1,0.977039770397704,0.9193672839506173,0.947326575233552
42,correto,P-correto,VP,1,1,0.977039770397704,0.9193672839506173,0.947326575233552
42,correto,P-correto,VP,1,1,0.977039770397704,0.9193672839506173,0.947326575233552
42,correto,P-correto,VP,1,1,0.977039770397704,0.9193672839506173,0.947326575233552
42,correto,P-incorreto,FP,1,0,0.977039770397704,0.9193672839506173,0.947326575233552
42,correto,P-correto,VP,1,1,0.977039770397704,0.9193672839506173,0.947326575233552
42,correto,P-correto,VP,1,1,0.977039770397704,0.9193672839506173,0.947326575233552
42,correto,P-correto,VP,1,1,0.977039770397704,0.9193672839506173,0.947326575233552
42,correto,P-incorreto,FP,1,0,0.977039770397704,0.9193672839506173,0.947326575233552
42,correto,P-incorreto,FP,1,0,0.977039770397704,0.9193672839506173,0.947326575233552
42,correto,P-correto,VP,1,1,0.977039770397704,0.9193672839506173,0.947326575233552
43,incorreto,P-correto,FN,0,1,0.977039770397704,0.9193672839506173,0.947326575233552
42,correto,P-correto,VP,1,1,0.977039770397704,0.9193672839506173,0.947326575233552
42,correto,P-correto,VP,1,1,0.977039770397704,0.9193672839506173,0.947326575233552
42,correto,P-correto,VP,1,1,0.977039770397704,0.9193672839506173,0.947326575233552
42,correto,P-correto,VP,1,1,0.977039770397704,0.9193672839506173,0.947326575233552
27,incorreto,P-incorreto,VN,0,0,0.977039770397704,0.9193672839506173,0.947326575233552
42,correto,P-incorreto,FP,1,0,0.977039770397704,0.9193672839506173,0.947326575233552
42,correto,P-correto,VP,1,1,0.977039770397704,0.9193672839506173,0.947326575233552
42,correto,P-correto,VP,1,1,0.977039770397704,0.9193672839506173,0.947326575233552
50,incorreto,P-incorreto,VN,0,0,0.977039770397704,0.9193672839506173,0.947326575233552
42,correto,P-correto,VP,1,1,0.977039770397704,0.9193672839506173,0.947326575233552
42,correto,P-correto,VP,1,1,0.977039770397704,0.9193672839506173,0.947326575233552
42,correto,P-correto,VP,1,1,0.977039770397704,0.9193672839506173,0.947326575233552
42,correto,P-correto,VP,1,1,0.977039770397704,0.9193672839506173,0.947326575233552
52,incorreto,P-incorreto,VN,0,0,0.977039770397704,0.9193672839506173,0.947326575233552
42,correto,P-correto,VP,1,1,0.977039770397704,0.9193672839506173,0.947326575233552
42,correto,P-correto,VP,1,1,0.977039770397704,0.9193672839506173,0.947326575233552
42,correto,P-correto,VP,1,1,0.977039770397704,0.9193672839506173,0.947326575233552
42,correto,P-correto,VP,1,1,0.977039770397704,0.9193672839506173,0.947326575233552
31,incorreto,P-incorreto,VN,0,0,0.977039770397704,0.9193672839506173,0.947326575233552
42,correto,P-correto,VP,1,1,0.977039770397704,0.9193672839506173,0.947326575233552
42,correto,P-correto,VP,1,1,0.977039770397704,0.9193672839506173,0.947326575233552
42,correto,P-correto,VP,1,1,0.977039770397704,0.9193672839506173,0.947326575233552
42,correto,P-correto,VP,1,1,0.977039770397704,0.9193672839506173,0.947326575233552
42,correto,P-incorreto,FP,1,0,0.977039770397704,0.9193672839506173,0.947326575233552
42,correto,P-correto,VP,1,1,0.977039770397704,0.9193672839506173,0.947326575233552
42,correto,P-incorreto,FP,1,0,0.977039770397704,0.9193672839506173,0.947326575233552
25,incorreto,P-incorreto,VN,0,0,0.977039770397704,0.9193672839506173,0.947326575233552
42,correto,P-correto,VP,1,1,0.977039770397704,0.9193672839506173,0.947326575233552
42,correto,P-correto,VP,1,1,0.977039770397704,0.9193672839506173,0.947326575233552
42,correto,P-correto,VP,1,1,0.977039770397704,0.9193672839506173,0.947326575233552
42,correto,P-correto,VP,1,1,0.977039770397704,0.9193672839506173,0.947326575233552
42,correto,P-correto,VP,1,1,0.977039770397704,0.9193672839506173,0.947326575233552
42,correto,P-correto,VP,1,1,0.977039770397704,0.9193672839506173,0.947326575233552
42,correto,P-correto,VP,1,1,0.977039770397704,0.9193672839506173,0.947326575233552
42,correto,P-correto,VP,1,1,0.977039770397704,0.9193672839506173,0.947326575233552
42,correto,P-correto,VP,1,1,0.977039770397704,0.9193672839506173,0.947326575233552
42,correto,P-correto,VP,1,1,0.977039770397704,0.9193672839506173,0.947326575233552
42,correto,P-correto,VP,1,1,0.977039770397704,0.9193672839506173,0.947326575233552
42,correto,P-incorreto,FP,1,0,0.977039770397704,0.9193672839506173,0.947326575233552
42,correto,P-correto,VP,1,1,0.977039770397704,0.9193672839506173,0.947326575233552
39,incorreto,P-incorreto,VN,0,0,0.977039770397704,0.9193672839506173,0.947326575233552
42,correto,P-correto,VP,1,1,0.977039770397704,0.9193672839506173,0.947326575233552
42,correto,P-correto,VP,1,1,0.977039770397704,0.9193672839506173,0.947326575233552
42,correto,P-correto,VP,1,1,0.977039770397704,0.9193672839506173,0.947326575233552
42,correto,P-correto,VP,1,1,0.977039770397704,0.9193672839506173,0.947326575233552
42,correto,P-incorreto,FP,1,0,0.977039770397704,0.9193672839506173,0.947326575233552
42,correto,P-correto,VP,1,1,0.977039770397704,0.9193672839506173,0.947326575233552
42,correto,P-correto,VP,1,1,0.977039770397704,0.9193672839506173,0.947326575233552
42,correto,P-correto,VP,1,1,0.977039770397704,0.9193672839506173,0.947326575233552
42,correto,P-correto,VP,1,1,0.977039770397704,0.9193672839506173,0.947326575233552
42,correto,P-incorreto,FP,1,0,0.977039770397704,0.9193672839506173,0.947326575233552
42,correto,P-correto,VP,1,1,0.977039770397704,0.9193672839506173,0.947326575233552
42,correto,P-correto,VP,1,1,0.977039770397704,0.9193672839506173,0.947326575233552
42,correto,P-correto,VP,1,1,0.977039770397704,0.9193672839506173,0.947326575233552
42,correto,P-correto,VP,1,1,0.977039770397704,0.9193672839506173,0.947326575233552
42,correto,P-correto,VP,1,1,0.977039770397704,0.9193672839506173,0.947326575233552
42,correto,P-correto,VP,1,1,0.977039770397704,0.9193672839506173,0.947326575233552
42,correto,P-correto,VP,1,1,0.977039770397704,0.9193672839506173,0.947326575233552
42,correto,P-correto,VP,1,1,0.977039770397704,0.9193672839506173,0.947326575233552
42,correto,P-correto,VP,1,1,0.977039770397704,0.9193672839506173,0.947326575233552
49,incorreto,P-incorreto,VN,0,0,0.977039770397704,0.9193672839506173,0.947326575233552
42,correto,P-correto,VP,1,1,0.977039770397704,0.9193672839506173,0.947326575233552
42,correto,P-correto,VP,1,1,0.977039770397704,0.9193672839506173,0.947326575233552
42,correto,P-correto,VP,1,1,0.977039770397704,0.9193672839506173,0.947326575233552
42,correto,P-correto,VP,1,1,0.977039770397704,0.9193672839506173,0.947326575233552
42,correto,P-correto,VP,1,1,0.977039770397704,0.9193672839506173,0.947326575233552
42,correto,P-correto,VP,1,1,0.977039770397704,0.9193672839506173,0.947326575233552
42,correto,P-correto,VP,1,1,0.977039770397704,0.9193672839506173,0.947326575233552
42,correto,P-incorreto,FP,1,0,0.977039770397704,0.9193672839506173,0.947326575233552
42,correto,P-correto,VP,1,1,0.977039770397704,0.9193672839506173,0.947326575233552
42,correto,P-correto,VP,1,1,0.977039770397704,0.9193672839506173,0.947326575233552
42,correto,P-correto,VP,1,1,0.977039770397704,0.9193672839506173,0.947326575233552
42,correto,P-correto,VP,1,1,0.977039770397704,0.9193672839506173,0.947326575233552
43,incorreto,P-correto,FN,0,1,0.977039770397704,0.9193672839506173,0.947326575233552
42,correto,P-incorreto,FP,1,0,0.977039770397704,0.9193672839506173,0.947326575233552
42,correto,P-correto,VP,1,1,0.977039770397704,0.9193672839506173,0.947326575233552
42,correto,P-incorreto,FP,1,0,0.977039770397704,0.9193672839506173,0.947326575233552
42,correto,P-correto,VP,1,1,0.977039770397704,0.9193672839506173,0.947326575233552
42,correto,P-correto,VP,1,1,0.977039770397704,0.9193672839506173,0.947326575233552
42,correto,P-correto,VP,1,1,0.977039770397704,0.9193672839506173,0.947326575233552
42,correto,P-correto,VP,1,1,0.977039770397704,0.9193672839506173,0.947326575233552
42,correto,P-correto,VP,1,1,0.977039770397704,0.9193672839506173,0.947326575233552
42,correto,P-correto,VP,1,1,0.977039770397704,0.9193672839506173,0.947326575233552
42,correto,P-incorreto,FP,1,0,0.977039770397704,0.9193672839506173,0.947326575233552
42,correto,P-correto,VP,1,1,0.977039770397704,0.9193672839506173,0.947326575233552
42,correto,P-correto,VP,1,1,0.977039770397704,0.9193672839506173,0.947326575233552
42,correto,P-correto,VP,1,1,0.977039770397704,0.9193672839506173,0.947326575233552
42,correto,P-incorreto,FP,1,0,0.977039770397704,0.9193672839506173,0.947326575233552
42,correto,P-correto,VP,1,1,0.977039770397704,0.9193672839506173,0.947326575233552
42,correto,P-correto,VP,1,1,0.977039770397704,0.9193672839506173,0.947326575233552
42,correto,P-correto,VP,1,1,0.977039770397704,0.9193672839506173,0.947326575233552
42,correto,P-correto,VP,1,1,0.977039770397704,0.9193672839506173,0.947326575233552
42,correto,P-incorreto,FP,1,0,0.977039770397704,0.9193672839506173,0.947326575233552
42,correto,P-correto,VP,1,1,0.977039770397704,0.9193672839506173,0.947326575233552
42,correto,P-correto,VP,1,1,0.977039770397704,0.9193672839506173,0.947326575233552
42,correto,P-correto,VP,1,1,0.977039770397704,0.9193672839506173,0.947326575233552
42,correto,P-correto,VP,1,1,0.977039770397704,0.9193672839506173,0.947326575233552
42,correto,P-correto,VP,1,1,0.977039770397704,0.9193672839506173,0.947326575233552
42,correto,P-correto,VP,1,1,0.977039770397704,0.9193672839506173,0.947326575233552
42,correto,P-correto,VP,1,1,0.977039770397704,0.9193672839506173,0.947326575233552
42,correto,P-correto,VP,1,1,0.977039770397704,0.9193672839506173,0.947326575233552
42,correto,P-correto,VP,1,1,0.977039770397704,0.9193672839506173,0.947326575233552
42,correto,P-correto,VP,1,1,0.977039770397704,0.9193672839506173,0.947326575233552
42,correto,P-correto,VP,1,1,0.977039770397704,0.9193672839506173,0.947326575233552
42,correto,P-correto,VP,1,1,0.977039770397704,0.9193672839506173,0.947326575233552
42,correto,P-incorreto,FP,1,0,0.977039770397704,0.9193672839506173,0.947326575233552
42,correto,P-correto,VP,1,1,0.977039770397704,0.9193672839506173,0.947326575233552
42,correto,P-correto,VP,1,1,0.977039770397704,0.9193672839506173,0.947326575233552
42,correto,P-correto,VP,1,1,0.977039770397704,0.9193672839506173,0.947326575233552
58,incorreto,P-incorreto,VN,0,0,0.977039770397704,0.9193672839506173,0.947326575233552
42,correto,P-correto,VP,1,1,0.977039770397704,0.9193672839506173,0.947326575233552
42,correto,P-correto,VP,1,1,0.977039770397704,0.9193672839506173,0.947326575233552
42,correto,P-correto,VP,1,1,0.977039770397704,0.9193672839506173,0.947326575233552
42,correto,P-incorreto,FP,1,0,0.977039770397704,0.9193672839506173,0.947326575233552
42,correto,P-correto,VP,1,1,0.977039770397704,0.9193672839506173,0.947326575233552
42,correto,P-correto,VP,1,1,0.977039770397704,0.9193672839506173,0.947326575233552
42,correto,P-correto,VP,1,1,0.977039770397704,0.9193672839506173,0.947326575233552
42,correto,P-correto,VP,1,1,0.977039770397704,0.9193672839506173,0.947326575233552
42,correto,P-correto,VP,1,1,0.977039770397704,0.9193672839506173,0.947326575233552
42,correto,P-correto,VP,1,1,0.977039770397704,0.9193672839506173,0.947326575233552
42,correto,P-correto,VP,1,1,0.977039770397704,0.9193672839506173,0.947326575233552
42,correto,P-correto,VP,1,1,0.977039770397704,0.9193672839506173,0.947326575233552
39,incorreto,P-correto,FN,0,1,0.977039770397704,0.9193672839506173,0.947326575233552
42,correto,P-correto,VP,1,1,0.977039770397704,0.9193672839506173,0.947326575233552
48,incorreto,P-incorreto,VN,0,0,0.977039770397704,0.9193672839506173,0.947326575233552
42,correto,P-correto,VP,1,1,0.977039770397704,0.9193672839506173,0.947326575233552
42,correto,P-correto,VP,1,1,0.977039770397704,0.9193672839506173,0.947326575233552
42,correto,P-correto,VP,1,1,0.977039770397704,0.9193672839506173,0.947326575233552
42,correto,P-correto,VP,1,1,0.977039770397704,0.9193672839506173,0.947326575233552
42,correto,P-correto,VP,1,1,0.977039770397704,0.9193672839506173,0.947326575233552
42,correto,P-correto,VP,1,1,0.977039770397704,0.9193672839506173,0.947326575233552
69,incorreto,P-incorreto,VN,0,0,0.977039770397704,0.9193672839506173,0.947326575233552
42,correto,P-correto,VP,1,1,0.977039770397704,0.9193672839506173,0.947326575233552
42,correto,P-correto,VP,1,1,0.977039770397704,0.9193672839506173,0.947326575233552
42,correto,P-correto,VP,1,1,0.977039770397704,0.9193672839506173,0.947326575233552
42,correto,P-correto,VP,1,1,0.977039770397704,0.9193672839506173,0.947326575233552
42,correto,P-correto,VP,1,1,0.977039770397704,0.9193672839506173,0.947326575233552
24,incorreto,P-incorreto,VN,0,0,0.977039770397704,0.9193672839506173,0.947326575233552
42,correto,P-correto,VP,1,1,0.977039770397704,0.9193672839506173,0.947326575233552
42,correto,P-correto,VP,1,1,0.977039770397704,0.9193672839506173,0.947326575233552
42,correto,P-correto,VP,1,1,0.977039770397704,0.9193672839506173,0.947326575233552
42,correto,P-incorreto,FP,1,0,0.977039770397704,0.9193672839506173,0.947326575233552
42,correto,P-correto,VP,1,1,0.977039770397704,0.9193672839506173,0.947326575233552
42,correto,P-correto,VP,1,1,0.977039770397704,0.9193672839506173,0.947326575233552
42,correto,P-incorreto,FP,1,0,0.977039770397704,0.9193672839506173,0.947326575233552
42,correto,P-correto,VP,1,1,0.977039770397704,0.9193672839506173,0.947326575233552
42,correto,P-correto,VP,1,1,0.977039770397704,0.9193672839506173,0.947326575233552
42,correto,P-correto,VP,1,1,0.977039770397704,0.9193672839506173,0.947326575233552
42,correto,P-correto,VP,1,1,0.977039770397704,0.9193672839506173,0.947326575233552
63,incorreto,P-incorreto,VN,0,0,0.977039770397704,0.9193672839506173,0.947326575233552
42,correto,P-correto,VP,1,1,0.977039770397704,0.9193672839506173,0.947326575233552
42,correto,P-correto,VP,1,1,0.977039770397704,0.9193672839506173,0.947326575233552
42,correto,P-correto,VP,1,1,0.977039770397704,0.9193672839506173,0.947326575233552
42,correto,P-correto,VP,1,1,0.977039770397704,0.9193672839506173,0.947326575233552
42,correto,P-correto,VP,1,1,0.977039770397704,0.9193672839506173,0.947326575233552
42,correto,P-correto,VP,1,1,0.977039770397704,0.9193672839506173,0.947326575233552
42,correto,P-correto,VP,1,1,0.977039770397704,0.9193672839506173,0.947326575233552
42,correto,P-correto,VP,1,1,0.977039770397704,0.9193672839506173,0.947326575233552
42,correto,P-correto,VP,1,1,0.977039770397704,0.9193672839506173,0.947326575233552
42,correto,P-correto,VP,1,1,0.977039770397704,0.9193672839506173,0.947326575233552
42,correto,P-correto,VP,1,1,0.977039770397704,0.9193672839506173,0.947326575233552
42,correto,P-correto,VP,1,1,0.977039770397704,0.9193672839506173,0.947326575233552
42,correto,P-correto,VP,1,1,0.977039770397704,0.9193672839506173,0.947326575233552
42,correto,P-correto,VP,1,1,0.977039770397704,0.9193672839506173,0.947326575233552
42,correto,P-correto,VP,1,1,0.977039770397704,0.9193672839506173,0.947326575233552
42,correto,P-correto,VP,1,1,0.977039770397704,0.9193672839506173,0.947326575233552
42,correto,P-correto,VP,1,1,0.977039770397704,0.9193672839506173,0.947326575233552
42,correto,P-correto,VP,1,1,0.977039770397704,0.9193672839506173,0.947326575233552
42,correto,P-correto,VP,1,1,0.977039770397704,0.9193672839506173,0.947326575233552
42,correto,P-correto,VP,1,1,0.977039770397704,0.9193672839506173,0.947326575233552
42,correto,P-correto,VP,1,1,0.977039770397704,0.9193672839506173,0.947326575233552
42,correto,P-correto,VP,1,1,0.977039770397704,0.9193672839506173,0.947326575233552
44,incorreto,P-incorreto,VN,0,0,0.977039770397704,0.9193672839506173,0.947326575233552
41,incorreto,P-incorreto,VN,0,0,0.977039770397704,0.9193672839506173,0.947326575233552
42,correto,P-correto,VP,1,1,0.977039770397704,0.9193672839506173,0.947326575233552
42,correto,P-correto,VP,1,1,0.977039770397704,0.9193672839506173,0.947326575233552
42,correto,P-correto,VP,1,1,0.977039770397704,0.9193672839506173,0.947326575233552
42,correto,P-correto,VP,1,1,0.977039770397704,0.9193672839506173,0.947326575233552
42,correto,P-correto,VP,1,1,0.977039770397704,0.9193672839506173,0.947326575233552
42,correto,P-correto,VP,1,1,0.977039770397704,0.9193672839506173,0.947326575233552
42,correto,P-correto,VP,1,1,0.977039770397704,0.9193672839506173,0.947326575233552
42,correto,P-correto,VP,1,1,0.977039770397704,0.9193672839506173,0.947326575233552
42,correto,P-correto,VP,1,1,0.977039770397704,0.9193672839506173,0.947326575233552
42,correto,P-correto,VP,1,1,0.977039770397704,0.9193672839506173,0.947326575233552
42,correto,P-correto,VP,1,1,0.977039770397704,0.9193672839506173,0.947326575233552
42,correto,P-correto,VP,1,1,0.977039770397704,0.9193672839506173,0.947326575233552
42,correto,P-correto,VP,1,1,0.977039770397704,0.9193672839506173,0.947326575233552
42,correto,P-correto,VP,1,1,0.977039770397704,0.9193672839506173,0.947326575233552
42,correto,P-correto,VP,1,1,0.977039770397704,0.9193672839506173,0.947326575233552
42,correto,P-correto,VP,1,1,0.977039770397704,0.9193672839506173,0.947326575233552
42,correto,P-correto,VP,1,1,0.977039770397704,0.9193672839506173,0.947326575233552
42,correto,P-incorreto,FP,1,0,0.977039770397704,0.9193672839506173,0.947326575233552
42,correto,P-incorreto,FP,1,0,0.977039770397704,0.9193672839506173,0.947326575233552
42,correto,P-correto,VP,1,1,0.977039770397704,0.9193672839506173,0.947326575233552
42,correto,P-correto,VP,1,1,0.977039770397704,0.9193672839506173,0.947326575233552
50,incorreto,P-incorreto,VN,0,0,0.977039770397704,0.9193672839506173,0.947326575233552
42,correto,P-incorreto,FP,1,0,0.977039770397704,0.9193672839506173,0.947326575233552
42,correto,P-correto,VP,1,1,0.977039770397704,0.9193672839506173,0.947326575233552
42,correto,P-correto,VP,1,1,0.977039770397704,0.9193672839506173,0.947326575233552
34,incorreto,P-incorreto,VN,0,0,0.977039770397704,0.9193672839506173,0.947326575233552
42,correto,P-correto,VP,1,1,0.977039770397704,0.9193672839506173,0.947326575233552
42,correto,P-correto,VP,1,1,0.977039770397704,0.9193672839506173,0.947326575233552
42,correto,P-correto,VP,1,1,0.977039770397704,0.9193672839506173,0.947326575233552
42,correto,P-correto,VP,1,1,0.977039770397704,0.9193672839506173,0.947326575233552
42,correto,P-correto,VP,1,1,0.977039770397704,0.9193672839506173,0.947326575233552
42,correto,P-correto,VP,1,1,0.977039770397704,0.9193672839506173,0.947326575233552
42,correto,P-correto,VP,1,1,0.977039770397704,0.9193672839506173,0.947326575233552
42,correto,P-correto,VP,1,1,0.977039770397704,0.9193672839506173,0.947326575233552
42,correto,P-correto,VP,1,1,0.977039770397704,0.9193672839506173,0.947326575233552
42,correto,P-correto,VP,1,1,0.977039770397704,0.9193672839506173,0.947326575233552
42,correto,P-correto,VP,1,1,0.977039770397704,0.9193672839506173,0.947326575233552
42,correto,P-correto,VP,1,1,0.977039770397704,0.9193672839506173,0.947326575233552
42,correto,P-correto,VP,1,1,0.977039770397704,0.9193672839506173,0.947326575233552
27,incorreto,P-incorreto,VN,0,0,0.977039770397704,0.9193672839506173,0.947326575233552
42,correto,P-correto,VP,1,1,0.977039770397704,0.9193672839506173,0.947326575233552
42,correto,P-correto,VP,1,1,0.977039770397704,0.9193672839506173,0.947326575233552
42,correto,P-correto,VP,1,1,0.977039770397704,0.9193672839506173,0.947326575233552
42,correto,P-correto,VP,1,1,0.977039770397704,0.9193672839506173,0.947326575233552
42,correto,P-incorreto,FP,1,0,0.977039770397704,0.9193672839506173,0.947326575233552
42,correto,P-correto,VP,1,1,0.977039770397704,0.9193672839506173,0.947326575233552
42,correto,P-correto,VP,1,1,0.977039770397704,0.9193672839506173,0.947326575233552
42,correto,P-correto,VP,1,1,0.977039770397704,0.9193672839506173,0.947326575233552
42,correto,P-correto,VP,1,1,0.977039770397704,0.9193672839506173,0.947326575233552
42,correto,P-correto,VP,1,1,0.977039770397704,0.9193672839506173,0.947326575233552
42,correto,P-correto,VP,1,1,0.977039770397704,0.9193672839506173,0.947326575233552
36,incorreto,P-incorreto,VN,0,0,0.977039770397704,0.9193672839506173,0.947326575233552
42,correto,P-correto,VP,1,1,0.977039770397704,0.9193672839506173,0.947326575233552
42,correto,P-correto,VP,1,1,0.977039770397704,0.9193672839506173,0.947326575233552
42,correto,P-correto,VP,1,1,0.977039770397704,0.9193672839506173,0.947326575233552
42,correto,P-correto,VP,1,1,0.977039770397704,0.9193672839506173,0.947326575233552
42,correto,P-correto,VP,1,1,0.977039770397704,0.9193672839506173,0.947326575233552
42,correto,P-correto,VP,1,1,0.977039770397704,0.9193672839506173,0.947326575233552
60,incorreto,P-incorreto,VN,0,0,0.977039770397704,0.9193672839506173,0.947326575233552
42,correto,P-correto,VP,1,1,0.977039770397704,0.9193672839506173,0.947326575233552
42,correto,P-correto,VP,1,1,0.977039770397704,0.9193672839506173,0.947326575233552
42,correto,P-incorreto,FP,1,0,0.977039770397704,0.9193672839506173,0.947326575233552
42,correto,P-correto,VP,1,1,0.977039770397704,0.9193672839506173,0.947326575233552
42,correto,P-incorreto,FP,1,0,0.977039770397704,0.9193672839506173,0.947326575233552
46,incorreto,P-incorreto,VN,0,0,0.977039770397704,0.9193672839506173,0.947326575233552
42,correto,P-correto,VP,1,1,0.977039770397704,0.9193672839506173,0.947326575233552
42,correto,P-correto,VP,1,1,0.977039770397704,0.9193672839506173,0.947326575233552
26,incorreto,P-incorreto,VN,0,0,0.977039770397704,0.9193672839506173,0.947326575233552
42,correto,P-correto,VP,1,1,0.977039770397704,0.9193672839506173,0.947326575233552
42,correto,P-correto,VP,1,1,0.977039770397704,0.9193672839506173,0.947326575233552
42,correto,P-correto,VP,1,1,0.977039770397704,0.9193672839506173,0.947326575233552
42,correto,P-correto,VP,1,1,0.977039770397704,0.9193672839506173,0.947326575233552
42,correto,P-correto,VP,1,1,0.977039770397704,0.9193672839506173,0.947326575233552
42,correto,P-correto,VP,1,1,0.977039770397704,0.9193672839506173,0.947326575233552
42,correto,P-correto,VP,1,1,0.977039770397704,0.9193672839506173,0.947326575233552
42,correto,P-incorreto,FP,1,0,0.977039770397704,0.9193672839506173,0.947326575233552
42,correto,P-correto,VP,1,1,0.977039770397704,0.9193672839506173,0.947326575233552
42,correto,P-correto,VP,1,1,0.977039770397704,0.9193672839506173,0.947326575233552
42,correto,P-correto,VP,1,1,0.977039770397704,0.9193672839506173,0.947326575233552
42,correto,P-correto,VP,1,1,0.977039770397704,0.9193672839506173,0.947326575233552
42,correto,P-correto,VP,1,1,0.977039770397704,0.9193672839506173,0.947326575233552
42,correto,P-correto,VP,1,1,0.977039770397704,0.9193672839506173,0.947326575233552
42,correto,P-correto,VP,1,1,0.977039770397704,0.9193672839506173,0.947326575233552
42,correto,P-correto,VP,1,1,0.977039770397704,0.9193672839506173,0.947326575233552
42,correto,P-correto,VP,1,1,0.977039770397704,0.9193672839506173,0.947326575233552
42,correto,P-correto,VP,1,1,0.977039770397704,0.9193672839506173,0.947326575233552
42,correto,P-correto,VP,1,1,0.977039770397704,0.9193672839506173,0.947326575233552
42,correto,P-incorreto,FP,1,0,0.977039770397704,0.9193672839506173,0.947326575233552
42,correto,P-correto,VP,1,1,0.977039770397704,0.9193672839506173,0.947326575233552
42,correto,P-correto,VP,1,1,0.977039770397704,0.9193672839506173,0.947326575233552
42,correto,P-correto,VP,1,1,0.977039770397704,0.9193672839506173,0.947326575233552
42,correto,P-correto,VP,1,1,0.977039770397704,0.9193672839506173,0.947326575233552
42,correto,P-correto,VP,1,1,0.977039770397704,0.9193672839506173,0.947326575233552
42,correto,P-correto,VP,1,1,0.977039770397704,0.9193672839506173,0.947326575233552
42,correto,P-incorreto,FP,1,0,0.977039770397704,0.9193672839506173,0.947326575233552
30,incorreto,P-incorreto,VN,0,0,0.977039770397704,0.9193672839506173,0.947326575233552
42,correto,P-correto,VP,1,1,0.977039770397704,0.9193672839506173,0.947326575233552
42,correto,P-correto,VP,1,1,0.977039770397704,0.9193672839506173,0.947326575233552
42,correto,P-incorreto,FP,1,0,0.977039770397704,0.9193672839506173,0.947326575233552
42,correto,P-incorreto,FP,1,0,0.977039770397704,0.9193672839506173,0.947326575233552
42,correto,P-correto,VP,1,1,0.977039770397704,0.9193672839506173,0.947326575233552
42,correto,P-correto,VP,1,1,0.977039770397704,0.9193672839506173,0.947326575233552
42,correto,P-correto,VP,1,1,0.977039770397704,0.9193672839506173,0.947326575233552
42,correto,P-incorreto,FP,1,0,0.977039770397704,0.9193672839506173,0.947326575233552
42,correto,P-correto,VP,1,1,0.977039770397704,0.9193672839506173,0.947326575233552
42,correto,P-correto,VP,1,1,0.977039770397704,0.9193672839506173,0.947326575233552
42,incorreto,P-correto,FN,0,1,0.977039770397704,0.9193672839506173,0.947326575233552
42,correto,P-correto,VP,1,1,0.977039770397704,0.9193672839506173,0.947326575233552
42,correto,P-correto,VP,1,1,0.977039770397704,0.9193672839506173,0.947326575233552
42,correto,P-correto,VP,1,1,0.977039770397704,0.9193672839506173,0.947326575233552
42,correto,P-correto,VP,1,1,0.977039770397704,0.9193672839506173,0.947326575233552
42,correto,P-correto,VP,1,1,0.977039770397704,0.9193672839506173,0.947326575233552
32,incorreto,P-incorreto,VN,0,0,0.977039770397704,0.9193672839506173,0.947326575233552
42,correto,P-correto,VP,1,1,0.977039770397704,0.9193672839506173,0.947326575233552
42,correto,P-correto,VP,1,1,0.977039770397704,0.9193672839506173,0.947326575233552
42,correto,P-correto,VP,1,1,0.977039770397704,0.9193672839506173,0.947326575233552
42,correto,P-correto,VP,1,1,0.977039770397704,0.9193672839506173,0.947326575233552
42,correto,P-correto,VP,1,1,0.977039770397704,0.9193672839506173,0.947326575233552
42,correto,P-correto,VP,1,1,0.977039770397704,0.9193672839506173,0.947326575233552
42,correto,P-incorreto,FP,1,0,0.977039770397704,0.9193672839506173,0.947326575233552
42,correto,P-correto,VP,1,1,0.977039770397704,0.9193672839506173,0.947326575233552
42,correto,P-correto,VP,1,1,0.977039770397704,0.9193672839506173,0.947326575233552
42,correto,P-correto,VP,1,1,0.977039770397704,0.9193672839506173,0.947326575233552
42,correto,P-correto,VP,1,1,0.977039770397704,0.9193672839506173,0.947326575233552
42,correto,P-correto,VP,1,1,0.977039770397704,0.9193672839506173,0.947326575233552
43,incorreto,P-correto,FN,0,1,0.977039770397704,0.9193672839506173,0.947326575233552
42,correto,P-correto,VP,1,1,0.977039770397704,0.9193672839506173,0.947326575233552
42,correto,P-correto,VP,1,1,0.977039770397704,0.9193672839506173,0.947326575233552
42,correto,P-incorreto,FP,1,0,0.977039770397704,0.9193672839506173,0.947326575233552
42,correto,P-correto,VP,1,1,0.977039770397704,0.9193672839506173,0.947326575233552
42,correto,P-correto,VP,1,1,0.977039770397704,0.9193672839506173,0.947326575233552
37,incorreto,P-incorreto,VN,0,0,0.977039770397704,0.9193672839506173,0.947326575233552
42,correto,P-correto,VP,1,1,0.977039770397704,0.9193672839506173,0.947326575233552
42,correto,P-correto,VP,1,1,0.977039770397704,0.9193672839506173,0.947326575233552
51,incorreto,P-incorreto,VN,0,0,0.977039770397704,0.9193672839506173,0.947326575233552
42,correto,P-correto,VP,1,1,0.977039770397704,0.9193672839506173,0.947326575233552
38,incorreto,P-incorreto,VN,0,0,0.977039770397704,0.9193672839506173,0.947326575233552
34,incorreto,P-incorreto,VN,0,0,0.977039770397704,0.9193672839506173,0.947326575233552
42,correto,P-correto,VP,1,1,0.977039770397704,0.9193672839506173,0.947326575233552
42,correto,P-correto,VP,1,1,0.977039770397704,0.9193672839506173,0.947326575233552
42,correto,P-correto,VP,1,1,0.977039770397704,0.9193672839506173,0.947326575233552
42,correto,P-correto,VP,1,1,0.977039770397704,0.9193672839506173,0.947326575233552
42,correto,P-correto,VP,1,1,0.977039770397704,0.9193672839506173,0.947326575233552
42,correto,P-incorreto,FP,1,0,0.977039770397704,0.9193672839506173,0.947326575233552
42,correto,P-incorreto,FP,1,0,0.977039770397704,0.9193672839506173,0.947326575233552
42,correto,P-correto,VP,1,1,0.977039770397704,0.9193672839506173,0.947326575233552
42,correto,P-correto,VP,1,1,0.977039770397704,0.9193672839506173,0.947326575233552
42,correto,P-correto,VP,1,1,0.977039770397704,0.9193672839506173,0.947326575233552
42,correto,P-correto,VP,1,1,0.977039770397704,0.9193672839506173,0.947326575233552
42,correto,P-correto,VP,1,1,0.977039770397704,0.9193672839506173,0.947326575233552
35,incorreto,P-incorreto,VN,0,0,0.977039770397704,0.9193672839506173,0.947326575233552
42,correto,P-correto,VP,1,1,0.977039770397704,0.9193672839506173,0.947326575233552
42,correto,P-correto,VP,1,1,0.977039770397704,0.9193672839506173,0.947326575233552
42,correto,P-correto,VP,1,1,0.977039770397704,0.9193672839506173,0.947326575233552
42,correto,P-correto,VP,1,1,0.977039770397704,0.9193672839506173,0.947326575233552
42,correto,P-correto,VP,1,1,0.977039770397704,0.9193672839506173,0.947326575233552
42,correto,P-correto,VP,1,1,0.977039770397704,0.9193672839506173,0.947326575233552
42,correto,P-correto,VP,1,1,0.977039770397704,0.9193672839506173,0.947326575233552
42,correto,P-correto,VP,1,1,0.977039770397704,0.9193672839506173,0.947326575233552
42,correto,P-correto,VP,1,1,0.977039770397704,0.9193672839506173,0.947326575233552
42,correto,P-correto,VP,1,1,0.977039770397704,0.9193672839506173,0.947326575233552
42,correto,P-correto,VP,1,1,0.977039770397704,0.9193672839506173,0.947326575233552
42,correto,P-correto,VP,1,1,0.977039770397704,0.9193672839506173,0.947326575233552
42,correto,P-correto,VP,1,1,0.977039770397704,0.9193672839506173,0.947326575233552
42,correto,P-correto,VP,1,1,0.977039770397704,0.9193672839506173,0.947326575233552
42,correto,P-correto,VP,1,1,0.977039770397704,0.9193672839506173,0.947326575233552
42,correto,P-correto,VP,1,1,0.977039770397704,0.9193672839506173,0.947326575233552
42,correto,P-correto,VP,1,1,0.977039770397704,0.9193672839506173,0.947326575233552
42,correto,P-correto,VP,1,1,0.977039770397704,0.9193672839506173,0.947326575233552
42,correto,P-correto,VP,1,1,0.977039770397704,0.9193672839506173,0.947326575233552
42,correto,P-correto,VP,1,1,0.977039770397704,0.9193672839506173,0.947326575233552
42,correto,P-incorreto,FP,1,0,0.977039770397704,0.9193672839506173,0.947326575233552
42,correto,P-correto,VP,1,1,0.977039770397704,0.9193672839506173,0.947326575233552
42,correto,P-incorreto,FP,1,0,0.977039770397704,0.9193672839506173,0.947326575233552
42,correto,P-correto,VP,1,1,0.977039770397704,0.9193672839506173,0.947326575233552
42,correto,P-correto,VP,1,1,0.977039770397704,0.9193672839506173,0.947326575233552
42,correto,P-correto,VP,1,1,0.977039770397704,0.9193672839506173,0.947326575233552
42,correto,P-correto,VP,1,1,0.977039770397704,0.9193672839506173,0.947326575233552
42,correto,P-correto,VP,1,1,0.977039770397704,0.9193672839506173,0.947326575233552
42,correto,P-correto,VP,1,1,0.977039770397704,0.9193672839506173,0.947326575233552
42,correto,P-correto,VP,1,1,0.977039770397704,0.9193672839506173,0.947326575233552
42,correto,P-correto,VP,1,1,0.977039770397704,0.9193672839506173,0.947326575233552
42,correto,P-incorreto,FP,1,0,0.977039770397704,0.9193672839506173,0.947326575233552
42,correto,P-correto,VP,1,1,0.977039770397704,0.9193672839506173,0.947326575233552
42,correto,P-correto,VP,1,1,0.977039770397704,0.9193672839506173,0.947326575233552
42,correto,P-correto,VP,1,1,0.977039770397704,0.9193672839506173,0.947326575233552
42,correto,P-incorreto,FP,1,0,0.977039770397704,0.9193672839506173,0.947326575233552
42,correto,P-correto,VP,1,1,0.977039770397704,0.9193672839506173,0.947326575233552
42,correto,P-correto,VP,1,1,0.977039770397704,0.9193672839506173,0.947326575233552
42,correto,P-correto,VP,1,1,0.977039770397704,0.9193672839506173,0.947326575233552
42,correto,P-correto,VP,1,1,0.977039770397704,0.9193672839506173,0.947326575233552
51,incorreto,P-incorreto,VN,0,0,0.977039770397704,0.9193672839506173,0.947326575233552
42,correto,P-correto,VP,1,1,0.977039770397704,0.9193672839506173,0.947326575233552
42,correto,P-correto,VP,1,1,0.977039770397704,0.9193672839506173,0.947326575233552
42,correto,P-correto,VP,1,1,0.977039770397704,0.9193672839506173,0.947326575233552
42,correto,P-correto,VP,1,1,0.977039770397704,0.9193672839506173,0.947326575233552
42,correto,P-correto,VP,1,1,0.977039770397704,0.9193672839506173,0.947326575233552
42,correto,P-correto,VP,1,1,0.977039770397704,0.9193672839506173,0.947326575233552
42,correto,P-correto,VP,1,1,0.977039770397704,0.9193672839506173,0.947326575233552
42,correto,P-correto,VP,1,1,0.977039770397704,0.9193672839506173,0.947326575233552
42,correto,P-correto,VP,1,1,0.977039770397704,0.9193672839506173,0.947326575233552
42,correto,P-correto,VP,1,1,0.977039770397704,0.9193672839506173,0.947326575233552
46,incorreto,P-incorreto,VN,0,0,0.977039770397704,0.9193672839506173,0.947326575233552
42,correto,P-incorreto,FP,1,0,0.977039770397704,0.9193672839506173,0.947326575233552
42,correto,P-correto,VP,1,1,0.977039770397704,0.9193672839506173,0.947326575233552
42,correto,P-correto,VP,1,1,0.977039770397704,0.9193672839506173,0.947326575233552
42,correto,P-correto,VP,1,1,0.977039770397704,0.9193672839506173,0.947326575233552
42,correto,P-correto,VP,1,1,0.977039770397704,0.9193672839506173,0.947326575233552
42,correto,P-correto,VP,1,1,0.977039770397704,0.9193672839506173,0.947326575233552
41,incorreto,P-correto,FN,0,1,0.977039770397704,0.9193672839506173,0.947326575233552
42,correto,P-correto,VP,1,1,0.977039770397704,0.9193672839506173,0.947326575233552
42,correto,P-correto,VP,1,1,0.977039770397704,0.9193672839506173,0.947326575233552
42,correto,P-correto,VP,1,1,0.977039770397704,0.9193672839506173,0.947326575233552
42,correto,P-correto,VP,1,1,0.977039770397704,0.9193672839506173,0.947326575233552
42,correto,P-correto,VP,1,1,0.977039770397704,0.9193672839506173,0.947326575233552
42,correto,P-correto,VP,1,1,0.977039770397704,0.9193672839506173,0.947326575233552
42,correto,P-correto,VP,1,1,0.977039770397704,0.9193672839506173,0.947326575233552
42,correto,P-correto,VP,1,1,0.977039770397704,0.9193672839506173,0.947326575233552
42,correto,P-correto,VP,1,1,0.977039770397704,0.9193672839506173,0.947326575233552
57,incorreto,P-incorreto,VN,0,0,0.977039770397704,0.9193672839506173,0.947326575233552
42,correto,P-correto,VP,1,1,0.977039770397704,0.9193672839506173,0.947326575233552
42,correto,P-correto,VP,1,1,0.977039770397704,0.9193672839506173,0.947326575233552
42,correto,P-correto,VP,1,1,0.977039770397704,0.9193672839506173,0.947326575233552
42,correto,P-correto,VP,1,1,0.977039770397704,0.9193672839506173,0.947326575233552
42,correto,P-correto,VP,1,1,0.977039770397704,0.9193672839506173,0.947326575233552
40,incorreto,P-correto,FN,0,1,0.977039770397704,0.9193672839506173,0.947326575233552
42,correto,P-correto,VP,1,1,0.977039770397704,0.9193672839506173,0.947326575233552
42,correto,P-correto,VP,1,1,0.977039770397704,0.9193672839506173,0.947326575233552
42,correto,P-correto,VP,1,1,0.977039770397704,0.9193672839506173,0.947326575233552
42,correto,P-correto,VP,1,1,0.977039770397704,0.9193672839506173,0.947326575233552
42,correto,P-correto,VP,1,1,0.977039770397704,0.9193672839506173,0.947326575233552
32,incorreto,P-incorreto,VN,0,0,0.977039770397704,0.9193672839506173,0.947326575233552
42,correto,P-correto,VP,1,1,0.977039770397704,0.9193672839506173,0.947326575233552
42,correto,P-correto,VP,1,1,0.977039770397704,0.9193672839506173,0.947326575233552
42,correto,P-correto,VP,1,1,0.977039770397704,0.9193672839506173,0.947326575233552
44,incorreto,P-incorreto,VN,0,0,0.977039770397704,0.9193672839506173,0.947326575233552
42,correto,P-correto,VP,1,1,0.977039770397704,0.9193672839506173,0.947326575233552
46,incorreto,P-incorreto,VN,0,0,0.977039770397704,0.9193672839506173,0.947326575233552
42,correto,P-incorreto,FP,1,0,0.977039770397704,0.9193672839506173,0.947326575233552
42,correto,P-correto,VP,1,1,0.977039770397704,0.9193672839506173,0.947326575233552
42,correto,P-incorreto,FP,1,0,0.977039770397704,0.9193672839506173,0.947326575233552
42,correto,P-correto,VP,1,1,0.977039770397704,0.9193672839506173,0.947326575233552
42,correto,P-correto,VP,1,1,0.977039770397704,0.9193672839506173,0.947326575233552
42,correto,P-correto,VP,1,1,0.977039770397704,0.9193672839506173,0.947326575233552
42,correto,P-incorreto,FP,1,0,0.977039770397704,0.9193672839506173,0.947326575233552
42,correto,P-correto,VP,1,1,0.977039770397704,0.9193672839506173,0.947326575233552
42,correto,P-correto,VP,1,1,0.977039770397704,0.9193672839506173,0.947326575233552
42,correto,P-correto,VP,1,1,0.977039770397704,0.9193672839506173,0.947326575233552
42,correto,P-correto,VP,1,1,0.977039770397704,0.9193672839506173,0.947326575233552
42,correto,P-incorreto,FP,1,0,0.977039770397704,0.9193672839506173,0.947326575233552
50,incorreto,P-incorreto,VN,0,0,0.977039770397704,0.9193672839506173,0.947326575233552
42,correto,P-correto,VP,1,1,0.977039770397704,0.9193672839506173,0.947326575233552
42,correto,P-incorreto,FP,1,0,0.977039770397704,0.9193672839506173,0.947326575233552
42,correto,P-correto,VP,1,1,0.977039770397704,0.9193672839506173,0.947326575233552
42,correto,P-correto,VP,1,1,0.977039770397704,0.9193672839506173,0.947326575233552
30,incorreto,P-incorreto,VN,0,0,0.977039770397704,0.9193672839506173,0.947326575233552
42,correto,P-correto,VP,1,1,0.977039770397704,0.9193672839506173,0.947326575233552
42,correto,P-correto,VP,1,1,0.977039770397704,0.9193672839506173,0.947326575233552
42,correto,P-correto,VP,1,1,0.977039770397704,0.9193672839506173,0.947326575233552
42,correto,P-correto,VP,1,1,0.977039770397704,0.9193672839506173,0.947326575233552
42,correto,P-correto,VP,1,1,0.977039770397704,0.9193672839506173,0.947326575233552
42,correto,P-correto,VP,1,1,0.977039770397704,0.9193672839506173,0.947326575233552
42,correto,P-correto,VP,1,1,0.977039770397704,0.9193672839506173,0.947326575233552
42,correto,P-correto,VP,1,1,0.977039770397704,0.9193672839506173,0.947326575233552
42,correto,P-correto,VP,1,1,0.977039770397704,0.9193672839506173,0.947326575233552
42,correto,P-correto,VP,1,1,0.977039770397704,0.9193672839506173,0.947326575233552
42,correto,P-correto,VP,1,1,0.977039770397704,0.9193672839506173,0.947326575233552
42,correto,P-correto,VP,1,1,0.977039770397704,0.9193672839506173,0.947326575233552
42,correto,P-correto,VP,1,1,0.977039770397704,0.9193672839506173,0.947326575233552
42,correto,P-correto,VP,1,1,0.977039770397704,0.9193672839506173,0.947326575233552
40,incorreto,P-correto,FN,0,1,0.977039770397704,0.9193672839506173,0.947326575233552
53,incorreto,P-incorreto,VN,0,0,0.977039770397704,0.9193672839506173,0.947326575233552
42,correto,P-correto,VP,1,1,0.977039770397704,0.9193672839506173,0.947326575233552
42,correto,P-incorreto,FP,1,0,0.977039770397704,0.9193672839506173,0.947326575233552
56,incorreto,P-incorreto,VN,0,0,0.977039770397704,0.9193672839506173,0.947326575233552
42,correto,P-correto,VP,1,1,0.977039770397704,0.9193672839506173,0.947326575233552
42,correto,P-correto,VP,1,1,0.977039770397704,0.9193672839506173,0.947326575233552
42,correto,P-correto,VP,1,1,0.977039770397704,0.9193672839506173,0.947326575233552
42,correto,P-correto,VP,1,1,0.977039770397704,0.9193672839506173,0.947326575233552
42,correto,P-correto,VP,1,1,0.977039770397704,0.9193672839506173,0.947326575233552
42,correto,P-correto,VP,1,1,0.977039770397704,0.9193672839506173,0.947326575233552
42,correto,P-correto,VP,1,1,0.977039770397704,0.9193672839506173,0.947326575233552
42,correto,P-correto,VP,1,1,0.977039770397704,0.9193672839506173,0.947326575233552
42,correto,P-correto,VP,1,1,0.977039770397704,0.9193672839506173,0.947326575233552
49,incorreto,P-incorreto,VN,0,0,0.977039770397704,0.9193672839506173,0.947326575233552
42,correto,P-correto,VP,1,1,0.977039770397704,0.9193672839506173,0.947326575233552
42,correto,P-correto,VP,1,1,0.977039770397704,0.9193672839506173,0.947326575233552
42,correto,P-correto,VP,1,1,0.977039770397704,0.9193672839506173,0.947326575233552
42,correto,P-correto,VP,1,1,0.977039770397704,0.9193672839506173,0.947326575233552
42,correto,P-correto,VP,1,1,0.977039770397704,0.9193672839506173,0.947326575233552
42,correto,P-correto,VP,1,1,0.977039770397704,0.9193672839506173,0.947326575233552
42,correto,P-correto,VP,1,1,0.977039770397704,0.9193672839506173,0.947326575233552
42,correto,P-correto,VP,1,1,0.977039770397704,0.9193672839506173,0.947326575233552
42,correto,P-correto,VP,1,1,0.977039770397704,0.9193672839506173,0.947326575233552
42,correto,P-correto,VP,1,1,0.977039770397704,0.9193672839506173,0.947326575233552
42,correto,P-correto,VP,1,1,0.977039770397704,0.9193672839506173,0.947326575233552
42,correto,P-correto,VP,1,1,0.977039770397704,0.9193672839506173,0.947326575233552
42,correto,P-correto,VP,1,1,0.977039770397704,0.9193672839506173,0.947326575233552
42,correto,P-correto,VP,1,1,0.977039770397704,0.9193672839506173,0.947326575233552
42,correto,P-correto,VP,1,1,0.977039770397704,0.9193672839506173,0.947326575233552
42,correto,P-correto,VP,1,1,0.977039770397704,0.9193672839506173,0.947326575233552
42,correto,P-correto,VP,1,1,0.977039770397704,0.9193672839506173,0.947326575233552
46,incorreto,P-incorreto,VN,0,0,0.977039770397704,0.9193672839506173,0.947326575233552
42,correto,P-correto,VP,1,1,0.977039770397704,0.9193672839506173,0.947326575233552
42,correto,P-correto,VP,1,1,0.977039770397704,0.9193672839506173,0.947326575233552
42,correto,P-incorreto,FP,1,0,0.977039770397704,0.9193672839506173,0.947326575233552
42,correto,P-correto,VP,1,1,0.977039770397704,0.9193672839506173,0.947326575233552
42,correto,P-correto,VP,1,1,0.977039770397704,0.9193672839506173,0.947326575233552
42,correto,P-correto,VP,1,1,0.977039770397704,0.9193672839506173,0.947326575233552
37,incorreto,P-incorreto,VN,0,0,0.977039770397704,0.9193672839506173,0.947326575233552
42,correto,P-correto,VP,1,1,0.977039770397704,0.9193672839506173,0.947326575233552
42,correto,P-correto,VP,1,1,0.977039770397704,0.9193672839506173,0.947326575233552
30,incorreto,P-incorreto,VN,0,0,0.977039770397704,0.9193672839506173,0.947326575233552
42,correto,P-correto,VP,1,1,0.977039770397704,0.9193672839506173,0.947326575233552
42,correto,P-correto,VP,1,1,0.977039770397704,0.9193672839506173,0.947326575233552
42,correto,P-correto,VP,1,1,0.977039770397704,0.9193672839506173,0.947326575233552
42,correto,P-correto,VP,1,1,0.977039770397704,0.9193672839506173,0.947326575233552
42,correto,P-correto,VP,1,1,0.977039770397704,0.9193672839506173,0.947326575233552
42,correto,P-correto,VP,1,1,0.977039770397704,0.9193672839506173,0.947326575233552
42,correto,P-correto,VP,1,1,0.977039770397704,0.9193672839506173,0.947326575233552
42,correto,P-incorreto,FP,1,0,0.977039770397704,0.9193672839506173,0.947326575233552
42,correto,P-correto,VP,1,1,0.977039770397704,0.9193672839506173,0.947326575233552
42,correto,P-correto,VP,1,1,0.977039770397704,0.9193672839506173,0.947326575233552
43,incorreto,P-correto,FN,0,1,0.977039770397704,0.9193672839506173,0.947326575233552
42,correto,P-correto,VP,1,1,0.977039770397704,0.9193672839506173,0.947326575233552
42,correto,P-correto,VP,1,1,0.977039770397704,0.9193672839506173,0.947326575233552
42,correto,P-correto,VP,1,1,0.977039770397704,0.9193672839506173,0.947326575233552
42,correto,P-correto,VP,1,1,0.977039770397704,0.9193672839506173,0.947326575233552
42,correto,P-correto,VP,1,1,0.977039770397704,0.9193672839506173,0.947326575233552
42,correto,P-correto,VP,1,1,0.977039770397704,0.9193672839506173,0.947326575233552
42,correto,P-correto,VP,1,1,0.977039770397704,0.9193672839506173,0.947326575233552
42,correto,P-correto,VP,1,1,0.977039770397704,0.9193672839506173,0.947326575233552
42,correto,P-correto,VP,1,1,0.977039770397704,0.9193672839506173,0.947326575233552
42,correto,P-correto,VP,1,1,0.977039770397704,0.9193672839506173,0.947326575233552
42,correto,P-correto,VP,1,1,0.977039770397704,0.9193672839506173,0.947326575233552
42,correto,P-correto,VP,1,1,0.977039770397704,0.9193672839506173,0.947326575233552
42,correto,P-correto,VP,1,1,0.977039770397704,0.9193672839506173,0.947326575233552
42,correto,P-correto,VP,1,1,0.977039770397704,0.9193672839506173,0.947326575233552
42,correto,P-incorreto,FP,1,0,0.977039770397704,0.9193672839506173,0.947326575233552
42,correto,P-correto,VP,1,1,0.977039770397704,0.9193672839506173,0.947326575233552
42,correto,P-correto,VP,1,1,0.977039770397704,0.9193672839506173,0.947326575233552
42,correto,P-correto,VP,1,1,0.977039770397704,0.9193672839506173,0.947326575233552
42,correto,P-correto,VP,1,1,0.977039770397704,0.9193672839506173,0.947326575233552
42,correto,P-correto,VP,1,1,0.977039770397704,0.9193672839506173,0.947326575233552
47,incorreto,P-incorreto,VN,0,0,0.977039770397704,0.9193672839506173,0.947326575233552
42,correto,P-incorreto,FP,1,0,0.977039770397704,0.9193672839506173,0.947326575233552
42,correto,P-correto,VP,1,1,0.977039770397704,0.9193672839506173,0.947326575233552
42,correto,P-correto,VP,1,1,0.977039770397704,0.9193672839506173,0.947326575233552
53,incorreto,P-incorreto,VN,0,0,0.977039770397704,0.9193672839506173,0.947326575233552
42,correto,P-correto,VP,1,1,0.977039770397704,0.9193672839506173,0.947326575233552
42,correto,P-incorreto,FP,1,0,0.977039770397704,0.9193672839506173,0.947326575233552
42,correto,P-correto,VP,1,1,0.977039770397704,0.9193672839506173,0.947326575233552
42,correto,P-correto,VP,1,1,0.977039770397704,0.9193672839506173,0.947326575233552
42,correto,P-correto,VP,1,1,0.977039770397704,0.9193672839506173,0.947326575233552
42,correto,P-correto,VP,1,1,0.977039770397704,0.9193672839506173,0.947326575233552
42,correto,P-correto,VP,1,1,0.977039770397704,0.9193672839506173,0.947326575233552
42,correto,P-correto,VP,1,1,0.977039770397704,0.9193672839506173,0.947326575233552
42,correto,P-incorreto,FP,1,0,0.977039770397704,0.9193672839506173,0.947326575233552
42,correto,P-correto,VP,1,1,0.977039770397704,0.9193672839506173,0.947326575233552
42,correto,P-correto,VP,1,1,0.977039770397704,0.9193672839506173,0.947326575233552
42,correto,P-correto,VP,1,1,0.977039770397704,0.9193672839506173,0.947326575233552
42,correto,P-correto,VP,1,1,0.977039770397704,0.9193672839506173,0.947326575233552
42,correto,P-correto,VP,1,1,0.977039770397704,0.9193672839506173,0.947326575233552
42,correto,P-correto,VP,1,1,0.977039770397704,0.9193672839506173,0.947326575233552
42,correto,P-correto,VP,1,1,0.977039770397704,0.9193672839506173,0.947326575233552
42,correto,P-correto,VP,1,1,0.977039770397704,0.9193672839506173,0.947326575233552
42,correto,P-correto,VP,1,1,0.977039770397704,0.9193672839506173,0.947326575233552
42,correto,P-correto,VP,1,1,0.977039770397704,0.9193672839506173,0.947326575233552
42,correto,P-correto,VP,1,1,0.977039770397704,0.9193672839506173,0.947326575233552
42,correto,P-correto,VP,1,1,0.977039770397704,0.9193672839506173,0.947326575233552
42,correto,P-correto,VP,1,1,0.977039770397704,0.9193672839506173,0.947326575233552
44,incorreto,P-incorreto,VN,0,0,0.977039770397704,0.9193672839506173,0.947326575233552
42,correto,P-correto,VP,1,1,0.977039770397704,0.9193672839506173,0.947326575233552
42,correto,P-correto,VP,1,1,0.977039770397704,0.9193672839506173,0.947326575233552
42,correto,P-correto,VP,1,1,0.977039770397704,0.9193672839506173,0.947326575233552
42,correto,P-correto,VP,1,1,0.977039770397704,0.9193672839506173,0.947326575233552
42,correto,P-correto,VP,1,1,0.977039770397704,0.9193672839506173,0.947326575233552
42,correto,P-incorreto,FP,1,0,0.977039770397704,0.9193672839506173,0.947326575233552
42,correto,P-correto,VP,1,1,0.977039770397704,0.9193672839506173,0.947326575233552
42,correto,P-correto,VP,1,1,0.977039770397704,0.9193672839506173,0.947326575233552
42,correto,P-incorreto,FP,1,0,0.977039770397704,0.9193672839506173,0.947326575233552
42,correto,P-correto,VP,1,1,0.977039770397704,0.9193672839506173,0.947326575233552
42,correto,P-correto,VP,1,1,0.977039770397704,0.9193672839506173,0.947326575233552
42,correto,P-correto,VP,1,1,0.977039770397704,0.9193672839506173,0.947326575233552
42,correto,P-correto,VP,1,1,0.977039770397704,0.9193672839506173,0.947326575233552
42,correto,P-correto,VP,1,1,0.977039770397704,0.9193672839506173,0.947326575233552
42,correto,P-correto,VP,1,1,0.977039770397704,0.9193672839506173,0.947326575233552
42,correto,P-correto,VP,1,1,0.977039770397704,0.9193672839506173,0.947326575233552
50,incorreto,P-incorreto,VN,0,0,0.977039770397704,0.9193672839506173,0.947326575233552
42,correto,P-correto,VP,1,1,0.977039770397704,0.9193672839506173,0.947326575233552
42,correto,P-correto,VP,1,1,0.977039770397704,0.9193672839506173,0.947326575233552
42,correto,P-correto,VP,1,1,0.977039770397704,0.9193672839506173,0.947326575233552
42,correto,P-correto,VP,1,1,0.977039770397704,0.9193672839506173,0.947326575233552
42,correto,P-correto,VP,1,1,0.977039770397704,0.9193672839506173,0.947326575233552
19,incorreto,P-incorreto,VN,0,0,0.977039770397704,0.9193672839506173,0.947326575233552
42,correto,P-correto,VP,1,1,0.977039770397704,0.9193672839506173,0.947326575233552
42,correto,P-incorreto,FP,1,0,0.977039770397704,0.9193672839506173,0.947326575233552
42,correto,P-correto,VP,1,1,0.977039770397704,0.9193672839506173,0.947326575233552
42,correto,P-correto,VP,1,1,0.977039770397704,0.9193672839506173,0.947326575233552
42,correto,P-correto,VP,1,1,0.977039770397704,0.9193672839506173,0.947326575233552
42,correto,P-correto,VP,1,1,0.977039770397704,0.9193672839506173,0.947326575233552
42,correto,P-correto,VP,1,1,0.977039770397704,0.9193672839506173,0.947326575233552
42,correto,P-correto,VP,1,1,0.977039770397704,0.9193672839506173,0.947326575233552
42,correto,P-incorreto,FP,1,0,0.977039770397704,0.9193672839506173,0.947326575233552
42,correto,P-correto,VP,1,1,0.977039770397704,0.9193672839506173,0.947326575233552
42,correto,P-correto,VP,1,1,0.977039770397704,0.9193672839506173,0.947326575233552
44,incorreto,P-incorreto,VN,0,0,0.977039770397704,0.9193672839506173,0.947326575233552
42,correto,P-correto,VP,1,1,0.977039770397704,0.9193672839506173,0.947326575233552
42,correto,P-correto,VP,1,1,0.977039770397704,0.9193672839506173,0.947326575233552
42,correto,P-correto,VP,1,1,0.977039770397704,0.9193672839506173,0.947326575233552
42,correto,P-correto,VP,1,1,0.977039770397704,0.9193672839506173,0.947326575233552
42,correto,P-correto,VP,1,1,0.977039770397704,0.9193672839506173,0.947326575233552
36,incorreto,P-incorreto,VN,0,0,0.977039770397704,0.9193672839506173,0.947326575233552
42,correto,P-correto,VP,1,1,0.977039770397704,0.9193672839506173,0.947326575233552
42,correto,P-incorreto,FP,1,0,0.977039770397704,0.9193672839506173,0.947326575233552
42,correto,P-correto,VP,1,1,0.977039770397704,0.9193672839506173,0.947326575233552
42,correto,P-correto,VP,1,1,0.977039770397704,0.9193672839506173,0.947326575233552
42,correto,P-correto,VP,1,1,0.977039770397704,0.9193672839506173,0.947326575233552
42,correto,P-incorreto,FP,1,0,0.977039770397704,0.9193672839506173,0.947326575233552
42,correto,P-correto,VP,1,1,0.977039770397704,0.9193672839506173,0.947326575233552
42,correto,P-correto,VP,1,1,0.977039770397704,0.9193672839506173,0.947326575233552
42,correto,P-correto,VP,1,1,0.977039770397704,0.9193672839506173,0.947326575233552
42,correto,P-correto,VP,1,1,0.977039770397704,0.9193672839506173,0.947326575233552
42,correto,P-correto,VP,1,1,0.977039770397704,0.9193672839506173,0.947326575233552
42,correto,P-correto,VP,1,1,0.977039770397704,0.9193672839506173,0.947326575233552
42,correto,P-correto,VP,1,1,0.977039770397704,0.9193672839506173,0.947326575233552
42,correto,P-correto,VP,1,1,0.977039770397704,0.9193672839506173,0.947326575233552
42,correto,P-correto,VP,1,1,0.977039770397704,0.9193672839506173,0.947326575233552
50,incorreto,P-incorreto,VN,0,0,0.977039770397704,0.9193672839506173,0.947326575233552
42,correto,P-correto,VP,1,1,0.977039770397704,0.9193672839506173,0.947326575233552
42,correto,P-correto,VP,1,1,0.977039770397704,0.9193672839506173,0.947326575233552
42,correto,P-correto,VP,1,1,0.977039770397704,0.9193672839506173,0.947326575233552
42,correto,P-incorreto,FP,1,0,0.977039770397704,0.9193672839506173,0.947326575233552
42,correto,P-correto,VP,1,1,0.977039770397704,0.9193672839506173,0.947326575233552
42,correto,P-correto,VP,1,1,0.977039770397704,0.9193672839506173,0.947326575233552
42,correto,P-correto,VP,1,1,0.977039770397704,0.9193672839506173,0.947326575233552
42,correto,P-incorreto,FP,1,0,0.977039770397704,0.9193672839506173,0.947326575233552
42,correto,P-correto,VP,1,1,0.977039770397704,0.9193672839506173,0.947326575233552
42,correto,P-correto,VP,1,1,0.977039770397704,0.9193672839506173,0.947326575233552
42,correto,P-correto,VP,1,1,0.977039770397704,0.9193672839506173,0.947326575233552
42,correto,P-correto,VP,1,1,0.977039770397704,0.9193672839506173,0.947326575233552
42,correto,P-correto,VP,1,1,0.977039770397704,0.9193672839506173,0.947326575233552
42,correto,P-correto,VP,1,1,0.977039770397704,0.9193672839506173,0.947326575233552
42,correto,P-correto,VP,1,1,0.977039770397704,0.9193672839506173,0.947326575233552
42,correto,P-correto,VP,1,1,0.977039770397704,0.9193672839506173,0.947326575233552
42,correto,P-correto,VP,1,1,0.977039770397704,0.9193672839506173,0.947326575233552
42,correto,P-correto,VP,1,1,0.977039770397704,0.9193672839506173,0.947326575233552
42,correto,P-correto,VP,1,1,0.977039770397704,0.9193672839506173,0.947326575233552
42,correto,P-correto,VP,1,1,0.977039770397704,0.9193672839506173,0.947326575233552
42,correto,P-correto,VP,1,1,0.977039770397704,0.9193672839506173,0.947326575233552
42,correto,P-correto,VP,1,1,0.977039770397704,0.9193672839506173,0.947326575233552
42,correto,P-correto,VP,1,1,0.977039770397704,0.9193672839506173,0.947326575233552
42,correto,P-correto,VP,1,1,0.977039770397704,0.9193672839506173,0.947326575233552
42,correto,P-correto,VP,1,1,0.977039770397704,0.9193672839506173,0.947326575233552
42,correto,P-correto,VP,1,1,0.977039770397704,0.9193672839506173,0.947326575233552
42,correto,P-correto,VP,1,1,0.977039770397704,0.9193672839506173,0.947326575233552
42,correto,P-incorreto,FP,1,0,0.977039770397704,0.9193672839506173,0.947326575233552
42,correto,P-correto,VP,1,1,0.977039770397704,0.9193672839506173,0.947326575233552
42,correto,P-incorreto,FP,1,0,0.977039770397704,0.9193672839506173,0.947326575233552
42,correto,P-correto,VP,1,1,0.977039770397704,0.9193672839506173,0.947326575233552
42,correto,P-correto,VP,1,1,0.977039770397704,0.9193672839506173,0.947326575233552
42,correto,P-correto,VP,1,1,0.977039770397704,0.9193672839506173,0.947326575233552
42,correto,P-correto,VP,1,1,0.977039770397704,0.9193672839506173,0.947326575233552
42,correto,P-correto,VP,1,1,0.977039770397704,0.9193672839506173,0.947326575233552
42,correto,P-correto,VP,1,1,0.977039770397704,0.9193672839506173,0.947326575233552
42,correto,P-correto,VP,1,1,0.977039770397704,0.9193672839506173,0.947326575233552
42,correto,P-correto,VP,1,1,0.977039770397704,0.9193672839506173,0.947326575233552
42,correto,P-correto,VP,1,1,0.977039770397704,0.9193672839506173,0.947326575233552
42,correto,P-correto,VP,1,1,0.977039770397704,0.9193672839506173,0.947326575233552
42,correto,P-correto,VP,1,1,0.977039770397704,0.9193672839506173,0.947326575233552
42,correto,P-correto,VP,1,1,0.977039770397704,0.9193672839506173,0.947326575233552
42,correto,P-correto,VP,1,1,0.977039770397704,0.9193672839506173,0.947326575233552
40,incorreto,P-correto,FN,0,1,0.977039770397704,0.9193672839506173,0.947326575233552
42,correto,P-correto,VP,1,1,0.977039770397704,0.9193672839506173,0.947326575233552
42,correto,P-correto,VP,1,1,0.977039770397704,0.9193672839506173,0.947326575233552
42,correto,P-correto,VP,1,1,0.977039770397704,0.9193672839506173,0.947326575233552
32,incorreto,P-incorreto,VN,0,0,0.977039770397704,0.9193672839506173,0.947326575233552
42,correto,P-correto,VP,1,1,0.977039770397704,0.9193672839506173,0.947326575233552
42,correto,P-correto,VP,1,1,0.977039770397704,0.9193672839506173,0.947326575233552
42,correto,P-correto,VP,1,1,0.977039770397704,0.9193672839506173,0.947326575233552
42,correto,P-correto,VP,1,1,0.977039770397704,0.9193672839506173,0.947326575233552
42,correto,P-correto,VP,1,1,0.977039770397704,0.9193672839506173,0.947326575233552
42,correto,P-correto,VP,1,1,0.977039770397704,0.9193672839506173,0.947326575233552
42,correto,P-correto,VP,1,1,0.977039770397704,0.9193672839506173,0.947326575233552
42,correto,P-correto,VP,1,1,0.977039770397704,0.9193672839506173,0.947326575233552
42,correto,P-correto,VP,1,1,0.977039770397704,0.9193672839506173,0.947326575233552
42,correto,P-correto,VP,1,1,0.977039770397704,0.9193672839506173,0.947326575233552
42,correto,P-correto,VP,1,1,0.977039770397704,0.9193672839506173,0.947326575233552
47,incorreto,P-incorreto,VN,0,0,0.977039770397704,0.9193672839506173,0.947326575233552
42,correto,P-incorreto,FP,1,0,0.977039770397704,0.9193672839506173,0.947326575233552
42,correto,P-correto,VP,1,1,0.977039770397704,0.9193672839506173,0.947326575233552
31,incorreto,P-incorreto,VN,0,0,0.977039770397704,0.9193672839506173,0.947326575233552
42,correto,P-correto,VP,1,1,0.977039770397704,0.9193672839506173,0.947326575233552
42,correto,P-correto,VP,1,1,0.977039770397704,0.9193672839506173,0.947326575233552
42,correto,P-correto,VP,1,1,0.977039770397704,0.9193672839506173,0.947326575233552
42,correto,P-correto,VP,1,1,0.977039770397704,0.9193672839506173,0.947326575233552
42,correto,P-correto,VP,1,1,0.977039770397704,0.9193672839506173,0.947326575233552
42,correto,P-correto,VP,1,1,0.977039770397704,0.9193672839506173,0.947326575233552
42,correto,P-correto,VP,1,1,0.977039770397704,0.9193672839506173,0.947326575233552
42,correto,P-correto,VP,1,1,0.977039770397704,0.9193672839506173,0.947326575233552
42,correto,P-correto,VP,1,1,0.977039770397704,0.9193672839506173,0.947326575233552
23,incorreto,P-incorreto,VN,0,0,0.977039770397704,0.9193672839506173,0.947326575233552
42,correto,P-correto,VP,1,1,0.977039770397704,0.9193672839506173,0.947326575233552
47,incorreto,P-incorreto,VN,0,0,0.977039770397704,0.9193672839506173,0.947326575233552
42,correto,P-correto,VP,1,1,0.977039770397704,0.9193672839506173,0.947326575233552
42,correto,P-incorreto,FP,1,0,0.977039770397704,0.9193672839506173,0.947326575233552
38,incorreto,P-incorreto,VN,0,0,0.977039770397704,0.9193672839506173,0.947326575233552
42,correto,P-correto,VP,1,1,0.977039770397704,0.9193672839506173,0.947326575233552
42,correto,P-incorreto,FP,1,0,0.977039770397704,0.9193672839506173,0.947326575233552
42,correto,P-correto,VP,1,1,0.977039770397704,0.9193672839506173,0.947326575233552
42,correto,P-correto,VP,1,1,0.977039770397704,0.9193672839506173,0.947326575233552
42,correto,P-correto,VP,1,1,0.977039770397704,0.9193672839506173,0.947326575233552
42,correto,P-correto,VP,1,1,0.977039770397704,0.9193672839506173,0.947326575233552
42,correto,P-correto,VP,1,1,0.977039770397704,0.9193672839506173,0.947326575233552
29,incorreto,P-incorreto,VN,0,0,0.977039770397704,0.9193672839506173,0.947326575233552
42,correto,P-correto,VP,1,1,0.977039770397704,0.9193672839506173,0.947326575233552
42,correto,P-correto,VP,1,1,0.977039770397704,0.9193672839506173,0.947326575233552
42,correto,P-correto,VP,1,1,0.977039770397704,0.9193672839506173,0.947326575233552
42,correto,P-correto,VP,1,1,0.977039770397704,0.9193672839506173,0.947326575233552
42,correto,P-correto,VP,1,1,0.977039770397704,0.9193672839506173,0.947326575233552
42,correto,P-correto,VP,1,1,0.977039770397704,0.9193672839506173,0.947326575233552
42,correto,P-correto,VP,1,1,0.977039770397704,0.9193672839506173,0.947326575233552
42,correto,P-correto,VP,1,1,0.977039770397704,0.9193672839506173,0.947326575233552
42,correto,P-correto,VP,1,1,0.977039770397704,0.9193672839506173,0.947326575233552
42,correto,P-correto,VP,1,1,0.977039770397704,0.9193672839506173,0.947326575233552
42,correto,P-correto,VP,1,1,0.977039770397704,0.9193672839506173,0.947326575233552
42,correto,P-correto,VP,1,1,0.977039770397704,0.9193672839506173,0.947326575233552
42,correto,P-correto,VP,1,1,0.977039770397704,0.9193672839506173,0.947326575233552
42,correto,P-correto,VP,1,1,0.977039770397704,0.9193672839506173,0.947326575233552
42,correto,P-correto,VP,1,1,0.977039770397704,0.9193672839506173,0.947326575233552
42,correto,P-correto,VP,1,1,0.977039770397704,0.9193672839506173,0.947326575233552
42,correto,P-correto,VP,1,1,0.977039770397704,0.9193672839506173,0.947326575233552
42,correto,P-correto,VP,1,1,0.977039770397704,0.9193672839506173,0.947326575233552
42,correto,P-correto,VP,1,1,0.977039770397704,0.9193672839506173,0.947326575233552
33,incorreto,P-incorreto,VN,0,0,0.977039770397704,0.9193672839506173,0.947326575233552
42,correto,P-correto,VP,1,1,0.977039770397704,0.9193672839506173,0.947326575233552
42,correto,P-correto,VP,1,1,0.977039770397704,0.9193672839506173,0.947326575233552
42,correto,P-correto,VP,1,1,0.977039770397704,0.9193672839506173,0.947326575233552
42,correto,P-correto,VP,1,1,0.977039770397704,0.9193672839506173,0.947326575233552
42,correto,P-correto,VP,1,1,0.977039770397704,0.9193672839506173,0.947326575233552
42,correto,P-correto,VP,1,1,0.977039770397704,0.9193672839506173,0.947326575233552
42,correto,P-correto,VP,1,1,0.977039770397704,0.9193672839506173,0.947326575233552
42,correto,P-correto,VP,1,1,0.977039770397704,0.9193672839506173,0.947326575233552
42,correto,P-correto,VP,1,1,0.977039770397704,0.9193672839506173,0.947326575233552
42,correto,P-incorreto,FP,1,0,0.977039770397704,0.9193672839506173,0.947326575233552
23,incorreto,P-incorreto,VN,0,0,0.977039770397704,0.9193672839506173,0.947326575233552
42,correto,P-correto,VP,1,1,0.977039770397704,0.9193672839506173,0.947326575233552
50,incorreto,P-incorreto,VN,0,0,0.977039770397704,0.9193672839506173,0.947326575233552
42,correto,P-correto,VP,1,1,0.977039770397704,0.9193672839506173,0.947326575233552
42,correto,P-correto,VP,1,1,0.977039770397704,0.9193672839506173,0.947326575233552
42,correto,P-correto,VP,1,1,0.977039770397704,0.9193672839506173,0.947326575233552
42,correto,P-correto,VP,1,1,0.977039770397704,0.9193672839506173,0.947326575233552
42,correto,P-correto,VP,1,1,0.977039770397704,0.9193672839506173,0.947326575233552
28,incorreto,P-incorreto,VN,0,0,0.977039770397704,0.9193672839506173,0.947326575233552
42,correto,P-correto,VP,1,1,0.977039770397704,0.9193672839506173,0.947326575233552
26,incorreto,P-incorreto,VN,0,0,0.977039770397704,0.9193672839506173,0.947326575233552
42,correto,P-correto,VP,1,1,0.977039770397704,0.9193672839506173,0.947326575233552
42,correto,P-correto,VP,1,1,0.977039770397704,0.9193672839506173,0.947326575233552
42,correto,P-correto,VP,1,1,0.977039770397704,0.9193672839506173,0.947326575233552
42,correto,P-correto,VP,1,1,0.977039770397704,0.9193672839506173,0.947326575233552
42,correto,P-correto,VP,1,1,0.977039770397704,0.9193672839506173,0.947326575233552
42,correto,P-correto,VP,1,1,0.977039770397704,0.9193672839506173,0.947326575233552
42,correto,P-correto,VP,1,1,0.977039770397704,0.9193672839506173,0.947326575233552
42,correto,P-correto,VP,1,1,0.977039770397704,0.9193672839506173,0.947326575233552
42,correto,P-correto,VP,1,1,0.977039770397704,0.9193672839506173,0.947326575233552
42,correto,P-correto,VP,1,1,0.977039770397704,0.9193672839506173,0.947326575233552
42,correto,P-correto,VP,1,1,0.977039770397704,0.9193672839506173,0.947326575233552
42,correto,P-correto,VP,1,1,0.977039770397704,0.9193672839506173,0.947326575233552
42,correto,P-correto,VP,1,1,0.977039770397704,0.9193672839506173,0.947326575233552
38,incorreto,P-incorreto,VN,0,0,0.977039770397704,0.9193672839506173,0.947326575233552
42,correto,P-correto,VP,1,1,0.977039770397704,0.9193672839506173,0.947326575233552
42,correto,P-correto,VP,1,1,0.977039770397704,0.9193672839506173,0.947326575233552
42,correto,P-correto,VP,1,1,0.977039770397704,0.9193672839506173,0.947326575233552
27,incorreto,P-incorreto,VN,0,0,0.977039770397704,0.9193672839506173,0.947326575233552
42,correto,P-correto,VP,1,1,0.977039770397704,0.9193672839506173,0.947326575233552
42,correto,P-correto,VP,1,1,0.977039770397704,0.9193672839506173,0.947326575233552
42,correto,P-correto,VP,1,1,0.977039770397704,0.9193672839506173,0.947326575233552
42,correto,P-correto,VP,1,1,0.977039770397704,0.9193672839506173,0.947326575233552
42,correto,P-correto,VP,1,1,0.977039770397704,0.9193672839506173,0.947326575233552
42,correto,P-correto,VP,1,1,0.977039770397704,0.9193672839506173,0.947326575233552
42,correto,P-correto,VP,1,1,0.977039770397704,0.9193672839506173,0.947326575233552
49,incorreto,P-incorreto,VN,0,0,0.977039770397704,0.9193672839506173,0.947326575233552
42,correto,P-correto,VP,1,1,0.977039770397704,0.9193672839506173,0.947326575233552
42,correto,P-correto,VP,1,1,0.977039770397704,0.9193672839506173,0.947326575233552
42,correto,P-correto,VP,1,1,0.977039770397704,0.9193672839506173,0.947326575233552
42,correto,P-correto,VP,1,1,0.977039770397704,0.9193672839506173,0.947326575233552
42,correto,P-correto,VP,1,1,0.977039770397704,0.9193672839506173,0.947326575233552
36,incorreto,P-incorreto,VN,0,0,0.977039770397704,0.9193672839506173,0.947326575233552
42,correto,P-correto,VP,1,1,0.977039770397704,0.9193672839506173,0.947326575233552
36,incorreto,P-incorreto,VN,0,0,0.977039770397704,0.9193672839506173,0.947326575233552
42,correto,P-correto,VP,1,1,0.977039770397704,0.9193672839506173,0.947326575233552
42,correto,P-correto,VP,1,1,0.977039770397704,0.9193672839506173,0.947326575233552
42,correto,P-correto,VP,1,1,0.977039770397704,0.9193672839506173,0.947326575233552
38,incorreto,P-incorreto,VN,0,0,0.977039770397704,0.9193672839506173,0.947326575233552
42,correto,P-correto,VP,1,1,0.977039770397704,0.9193672839506173,0.947326575233552
42,correto,P-correto,VP,1,1,0.977039770397704,0.9193672839506173,0.947326575233552
42,correto,P-correto,VP,1,1,0.977039770397704,0.9193672839506173,0.947326575233552
42,correto,P-correto,VP,1,1,0.977039770397704,0.9193672839506173,0.947326575233552
42,correto,P-correto,VP,1,1,0.977039770397704,0.9193672839506173,0.947326575233552
42,correto,P-incorreto,FP,1,0,0.977039770397704,0.9193672839506173,0.947326575233552
42,correto,P-correto,VP,1,1,0.977039770397704,0.9193672839506173,0.947326575233552
42,correto,P-correto,VP,1,1,0.977039770397704,0.9193672839506173,0.947326575233552
42,correto,P-correto,VP,1,1,0.977039770397704,0.9193672839506173,0.947326575233552
42,correto,P-correto,VP,1,1,0.977039770397704,0.9193672839506173,0.947326575233552
42,correto,P-correto,VP,1,1,0.977039770397704,0.9193672839506173,0.947326575233552
42,correto,P-correto,VP,1,1,0.977039770397704,0.9193672839506173,0.947326575233552
42,correto,P-incorreto,FP,1,0,0.977039770397704,0.9193672839506173,0.947326575233552
44,incorreto,P-incorreto,VN,0,0,0.977039770397704,0.9193672839506173,0.947326575233552
42,correto,P-incorreto,FP,1,0,0.977039770397704,0.9193672839506173,0.947326575233552
42,correto,P-correto,VP,1,1,0.977039770397704,0.9193672839506173,0.947326575233552
42,correto,P-correto,VP,1,1,0.977039770397704,0.9193672839506173,0.947326575233552
42,correto,P-correto,VP,1,1,0.977039770397704,0.9193672839506173,0.947326575233552
42,correto,P-correto,VP,1,1,0.977039770397704,0.9193672839506173,0.947326575233552
52,incorreto,P-incorreto,VN,0,0,0.977039770397704,0.9193672839506173,0.947326575233552
42,correto,P-correto,VP,1,1,0.977039770397704,0.9193672839506173,0.947326575233552
42,correto,P-correto,VP,1,1,0.977039770397704,0.9193672839506173,0.947326575233552
42,correto,P-correto,VP,1,1,0.977039770397704,0.9193672839506173,0.947326575233552
42,correto,P-correto,VP,1,1,0.977039770397704,0.9193672839506173,0.947326575233552
42,correto,P-correto,VP,1,1,0.977039770397704,0.9193672839506173,0.947326575233552
42,correto,P-correto,VP,1,1,0.977039770397704,0.9193672839506173,0.947326575233552
42,correto,P-correto,VP,1,1,0.977039770397704,0.9193672839506173,0.947326575233552
42,correto,P-correto,VP,1,1,0.977039770397704,0.9193672839506173,0.947326575233552
42,correto,P-correto,VP,1,1,0.977039770397704,0.9193672839506173,0.947326575233552
42,correto,P-correto,VP,1,1,0.977039770397704,0.9193672839506173,0.947326575233552
42,correto,P-correto,VP,1,1,0.977039770397704,0.9193672839506173,0.947326575233552
42,correto,P-correto,VP,1,1,0.977039770397704,0.9193672839506173,0.947326575233552
41,incorreto,P-correto,FN,0,1,0.977039770397704,0.9193672839506173,0.947326575233552
42,correto,P-correto,VP,1,1,0.977039770397704,0.9193672839506173,0.947326575233552
42,correto,P-correto,VP,1,1,0.977039770397704,0.9193672839506173,0.947326575233552
42,correto,P-correto,VP,1,1,0.977039770397704,0.9193672839506173,0.947326575233552
42,correto,P-correto,VP,1,1,0.977039770397704,0.9193672839506173,0.947326575233552
42,correto,P-correto,VP,1,1,0.977039770397704,0.9193672839506173,0.947326575233552
42,correto,P-correto,VP,1,1,0.977039770397704,0.9193672839506173,0.947326575233552
37,incorreto,P-incorreto,VN,0,0,0.977039770397704,0.9193672839506173,0.947326575233552
42,correto,P-correto,VP,1,1,0.977039770397704,0.9193672839506173,0.947326575233552
42,correto,P-correto,VP,1,1,0.977039770397704,0.9193672839506173,0.947326575233552
42,correto,P-correto,VP,1,1,0.977039770397704,0.9193672839506173,0.947326575233552
42,correto,P-correto,VP,1,1,0.977039770397704,0.9193672839506173,0.947326575233552
42,correto,P-correto,VP,1,1,0.977039770397704,0.9193672839506173,0.947326575233552
42,correto,P-correto,VP,1,1,0.977039770397704,0.9193672839506173,0.947326575233552
42,correto,P-correto,VP,1,1,0.977039770397704,0.9193672839506173,0.947326575233552
42,correto,P-correto,VP,1,1,0.977039770397704,0.9193672839506173,0.947326575233552
42,correto,P-correto,VP,1,1,0.977039770397704,0.9193672839506173,0.947326575233552
42,correto,P-correto,VP,1,1,0.977039770397704,0.9193672839506173,0.947326575233552
42,incorreto,P-correto,FN,0,1,0.977039770397704,0.9193672839506173,0.947326575233552
42,correto,P-correto,VP,1,1,0.977039770397704,0.9193672839506173,0.947326575233552
42,correto,P-correto,VP,1,1,0.977039770397704,0.9193672839506173,0.947326575233552
42,correto,P-correto,VP,1,1,0.977039770397704,0.9193672839506173,0.947326575233552
42,correto,P-correto,VP,1,1,0.977039770397704,0.9193672839506173,0.947326575233552
42,correto,P-correto,VP,1,1,0.977039770397704,0.9193672839506173,0.947326575233552
42,correto,P-correto,VP,1,1,0.977039770397704,0.9193672839506173,0.947326575233552
42,correto,P-correto,VP,1,1,0.977039770397704,0.9193672839506173,0.947326575233552
42,correto,P-correto,VP,1,1,0.977039770397704,0.9193672839506173,0.947326575233552
42,correto,P-correto,VP,1,1,0.977039770397704,0.9193672839506173,0.947326575233552
42,correto,P-correto,VP,1,1,0.977039770397704,0.9193672839506173,0.947326575233552
42,correto,P-correto,VP,1,1,0.977039770397704,0.9193672839506173,0.947326575233552
42,correto,P-correto,VP,1,1,0.977039770397704,0.9193672839506173,0.947326575233552
42,correto,P-correto,VP,1,1,0.977039770397704,0.9193672839506173,0.947326575233552
34,incorreto,P-incorreto,VN,0,0,0.977039770397704,0.9193672839506173,0.947326575233552
42,correto,P-correto,VP,1,1,0.977039770397704,0.9193672839506173,0.947326575233552
42,correto,P-correto,VP,1,1,0.977039770397704,0.9193672839506173,0.947326575233552
42,correto,P-correto,VP,1,1,0.977039770397704,0.9193672839506173,0.947326575233552
42,correto,P-correto,VP,1,1,0.977039770397704,0.9193672839506173,0.947326575233552
42,correto,P-correto,VP,1,1,0.977039770397704,0.9193672839506173,0.947326575233552
42,correto,P-correto,VP,1,1,0.977039770397704,0.9193672839506173,0.947326575233552
42,correto,P-correto,VP,1,1,0.977039770397704,0.9193672839506173,0.947326575233552
42,correto,P-correto,VP,1,1,0.977039770397704,0.9193672839506173,0.947326575233552
42,correto,P-correto,VP,1,1,0.977039770397704,0.9193672839506173,0.947326575233552
42,correto,P-correto,VP,1,1,0.977039770397704,0.9193672839506173,0.947326575233552
42,correto,P-correto,VP,1,1,0.977039770397704,0.9193672839506173,0.947326575233552
62,incorreto,P-incorreto,VN,0,0,0.977039770397704,0.9193672839506173,0.947326575233552
42,correto,P-correto,VP,1,1,0.977039770397704,0.9193672839506173,0.947326575233552
47,incorreto,P-incorreto,VN,0,0,0.977039770397704,0.9193672839506173,0.947326575233552
42,correto,P-correto,VP,1,1,0.977039770397704,0.9193672839506173,0.947326575233552
42,correto,P-correto,VP,1,1,0.977039770397704,0.9193672839506173,0.947326575233552
46,incorreto,P-incorreto,VN,0,0,0.977039770397704,0.9193672839506173,0.947326575233552
42,correto,P-correto,VP,1,1,0.977039770397704,0.9193672839506173,0.947326575233552
42,correto,P-correto,VP,1,1,0.977039770397704,0.9193672839506173,0.947326575233552
51,incorreto,P-incorreto,VN,0,0,0.977039770397704,0.9193672839506173,0.947326575233552
43,incorreto,P-correto,FN,0,1,0.977039770397704,0.9193672839506173,0.947326575233552
46,incorreto,P-incorreto,VN,0,0,0.977039770397704,0.9193672839506173,0.947326575233552
42,correto,P-correto,VP,1,1,0.977039770397704,0.9193672839506173,0.947326575233552
42,correto,P-correto,VP,1,1,0.977039770397704,0.9193672839506173,0.947326575233552
42,correto,P-correto,VP,1,1,0.977039770397704,0.9193672839506173,0.947326575233552
42,correto,P-correto,VP,1,1,0.977039770397704,0.9193672839506173,0.947326575233552
42,correto,P-correto,VP,1,1,0.977039770397704,0.9193672839506173,0.947326575233552
42,correto,P-incorreto,FP,1,0,0.977039770397704,0.9193672839506173,0.947326575233552
42,correto,P-correto,VP,1,1,0.977039770397704,0.9193672839506173,0.947326575233552
42,correto,P-correto,VP,1,1,0.977039770397704,0.9193672839506173,0.947326575233552
42,correto,P-correto,VP,1,1,0.977039770397704,0.9193672839506173,0.947326575233552
42,correto,P-correto,VP,1,1,0.977039770397704,0.9193672839506173,0.947326575233552
42,correto,P-correto,VP,1,1,0.977039770397704,0.9193672839506173,0.947326575233552
42,correto,P-correto,VP,1,1,0.977039770397704,0.9193672839506173,0.947326575233552
42,correto,P-correto,VP,1,1,0.977039770397704,0.9193672839506173,0.947326575233552
42,correto,P-correto,VP,1,1,0.977039770397704,0.9193672839506173,0.947326575233552
42,correto,P-correto,VP,1,1,0.977039770397704,0.9193672839506173,0.947326575233552
42,correto,P-correto,VP,1,1,0.977039770397704,0.9193672839506173,0.947326575233552
42,correto,P-incorreto,FP,1,0,0.977039770397704,0.9193672839506173,0.947326575233552
42,correto,P-correto,VP,1,1,0.977039770397704,0.9193672839506173,0.947326575233552
42,correto,P-correto,VP,1,1,0.977039770397704,0.9193672839506173,0.947326575233552
42,correto,P-incorreto,FP,1,0,0.977039770397704,0.9193672839506173,0.947326575233552
42,correto,P-correto,VP,1,1,0.977039770397704,0.9193672839506173,0.947326575233552
42,correto,P-correto,VP,1,1,0.977039770397704,0.9193672839506173,0.947326575233552
42,correto,P-correto,VP,1,1,0.977039770397704,0.9193672839506173,0.947326575233552
42,correto,P-correto,VP,1,1,0.977039770397704,0.9193672839506173,0.947326575233552
55,incorreto,P-incorreto,VN,0,0,0.977039770397704,0.9193672839506173,0.947326575233552
42,correto,P-correto,VP,1,1,0.977039770397704,0.9193672839506173,0.947326575233552
42,correto,P-correto,VP,1,1,0.977039770397704,0.9193672839506173,0.947326575233552
42,correto,P-correto,VP,1,1,0.977039770397704,0.9193672839506173,0.947326575233552
42,correto,P-correto,VP,1,1,0.977039770397704,0.9193672839506173,0.947326575233552
25,incorreto,P-incorreto,VN,0,0,0.977039770397704,0.9193672839506173,0.947326575233552
42,correto,P-correto,VP,1,1,0.977039770397704,0.9193672839506173,0.947326575233552
42,correto,P-correto,VP,1,1,0.977039770397704,0.9193672839506173,0.947326575233552
42,correto,P-correto,VP,1,1,0.977039770397704,0.9193672839506173,0.947326575233552
47,incorreto,P-incorreto,VN,0,0,0.977039770397704,0.9193672839506173,0.947326575233552
42,correto,P-correto,VP,1,1,0.977039770397704,0.9193672839506173,0.947326575233552
42,correto,P-correto,VP,1,1,0.977039770397704,0.9193672839506173,0.947326575233552
42,correto,P-incorreto,FP,1,0,0.977039770397704,0.9193672839506173,0.947326575233552
42,correto,P-correto,VP,1,1,0.977039770397704,0.9193672839506173,0.947326575233552
44,incorreto,P-incorreto,VN,0,0,0.977039770397704,0.9193672839506173,0.947326575233552
47,incorreto,P-incorreto,VN,0,0,0.977039770397704,0.9193672839506173,0.947326575233552
42,correto,P-incorreto,FP,1,0,0.977039770397704,0.9193672839506173,0.947326575233552
42,correto,P-correto,VP,1,1,0.977039770397704,0.9193672839506173,0.947326575233552
42,correto,P-correto,VP,1,1,0.977039770397704,0.9193672839506173,0.947326575233552
42,correto,P-correto,VP,1,1,0.977039770397704,0.9193672839506173,0.947326575233552
42,correto,P-correto,VP,1,1,0.977039770397704,0.9193672839506173,0.947326575233552
42,correto,P-correto,VP,1,1,0.977039770397704,0.9193672839506173,0.947326575233552
42,correto,P-correto,VP,1,1,0.977039770397704,0.9193672839506173,0.947326575233552
42,correto,P-correto,VP,1,1,0.977039770397704,0.9193672839506173,0.947326575233552
42,correto,P-correto,VP,1,1,0.977039770397704,0.9193672839506173,0.947326575233552
42,correto,P-correto,VP,1,1,0.977039770397704,0.9193672839506173,0.947326575233552
42,correto,P-correto,VP,1,1,0.977039770397704,0.9193672839506173,0.947326575233552
42,correto,P-correto,VP,1,1,0.977039770397704,0.9193672839506173,0.947326575233552
42,correto,P-correto,VP,1,1,0.977039770397704,0.9193672839506173,0.947326575233552
42,correto,P-correto,VP,1,1,0.977039770397704,0.9193672839506173,0.947326575233552
42,correto,P-correto,VP,1,1,0.977039770397704,0.9193672839506173,0.947326575233552
42,correto,P-correto,VP,1,1,0.977039770397704,0.9193672839506173,0.947326575233552
42,correto,P-correto,VP,1,1,0.977039770397704,0.9193672839506173,0.947326575233552
42,correto,P-correto,VP,1,1,0.977039770397704,0.9193672839506173,0.947326575233552
42,correto,P-correto,VP,1,1,0.977039770397704,0.9193672839506173,0.947326575233552
42,correto,P-correto,VP,1,1,0.977039770397704,0.9193672839506173,0.947326575233552
42,correto,P-correto,VP,1,1,0.977039770397704,0.9193672839506173,0.947326575233552
42,correto,P-correto,VP,1,1,0.977039770397704,0.9193672839506173,0.947326575233552
42,correto,P-correto,VP,1,1,0.977039770397704,0.9193672839506173,0.947326575233552
42,correto,P-correto,VP,1,1,0.977039770397704,0.9193672839506173,0.947326575233552
42,correto,P-correto,VP,1,1,0.977039770397704,0.9193672839506173,0.947326575233552
42,correto,P-correto,VP,1,1,0.977039770397704,0.9193672839506173,0.947326575233552
42,correto,P-correto,VP,1,1,0.977039770397704,0.9193672839506173,0.947326575233552
42,correto,P-correto,VP,1,1,0.977039770397704,0.9193672839506173,0.947326575233552
32,incorreto,P-incorreto,VN,0,0,0.977039770397704,0.9193672839506173,0.947326575233552
42,correto,P-correto,VP,1,1,0.977039770397704,0.9193672839506173,0.947326575233552
42,correto,P-correto,VP,1,1,0.977039770397704,0.9193672839506173,0.947326575233552
42,correto,P-correto,VP,1,1,0.977039770397704,0.9193672839506173,0.947326575233552
42,correto,P-correto,VP,1,1,0.977039770397704,0.9193672839506173,0.947326575233552
42,correto,P-correto,VP,1,1,0.977039770397704,0.9193672839506173,0.947326575233552
42,correto,P-correto,VP,1,1,0.977039770397704,0.9193672839506173,0.947326575233552
42,correto,P-correto,VP,1,1,0.977039770397704,0.9193672839506173,0.947326575233552
42,correto,P-correto,VP,1,1,0.977039770397704,0.9193672839506173,0.947326575233552
42,correto,P-correto,VP,1,1,0.977039770397704,0.9193672839506173,0.947326575233552
42,correto,P-correto,VP,1,1,0.977039770397704,0.9193672839506173,0.947326575233552
42,correto,P-correto,VP,1,1,0.977039770397704,0.9193672839506173,0.947326575233552
42,correto,P-correto,VP,1,1,0.977039770397704,0.9193672839506173,0.947326575233552
42,correto,P-incorreto,FP,1,0,0.977039770397704,0.9193672839506173,0.947326575233552
42,correto,P-correto,VP,1,1,0.977039770397704,0.9193672839506173,0.947326575233552
42,correto,P-correto,VP,1,1,0.977039770397704,0.9193672839506173,0.947326575233552
42,correto,P-correto,VP,1,1,0.977039770397704,0.9193672839506173,0.947326575233552
42,correto,P-correto,VP,1,1,0.977039770397704,0.9193672839506173,0.947326575233552
42,correto,P-correto,VP,1,1,0.977039770397704,0.9193672839506173,0.947326575233552
42,correto,P-correto,VP,1,1,0.977039770397704,0.9193672839506173,0.947326575233552
42,correto,P-correto,VP,1,1,0.977039770397704,0.9193672839506173,0.947326575233552
42,correto,P-correto,VP,1,1,0.977039770397704,0.9193672839506173,0.947326575233552
42,correto,P-correto,VP,1,1,0.977039770397704,0.9193672839506173,0.947326575233552
35,incorreto,P-incorreto,VN,0,0,0.977039770397704,0.9193672839506173,0.947326575233552
42,correto,P-incorreto,FP,1,0,0.977039770397704,0.9193672839506173,0.947326575233552
42,correto,P-correto,VP,1,1,0.977039770397704,0.9193672839506173,0.947326575233552
42,correto,P-correto,VP,1,1,0.977039770397704,0.9193672839506173,0.947326575233552
42,correto,P-correto,VP,1,1,0.977039770397704,0.9193672839506173,0.947326575233552
42,correto,P-correto,VP,1,1,0.977039770397704,0.9193672839506173,0.947326575233552
42,correto,P-correto,VP,1,1,0.977039770397704,0.9193672839506173,0.947326575233552
42,correto,P-correto,VP,1,1,0.977039770397704,0.9193672839506173,0.947326575233552
42,correto,P-correto,VP,1,1,0.977039770397704,0.9193672839506173,0.947326575233552
42,correto,P-correto,VP,1,1,0.977039770397704,0.9193672839506173,0.947326575233552
47,incorreto,P-incorreto,VN,0,0,0.977039770397704,0.9193672839506173,0.947326575233552
42,correto,P-correto,VP,1,1,0.977039770397704,0.9193672839506173,0.947326575233552
27,incorreto,P-incorreto,VN,0,0,0.977039770397704,0.9193672839506173,0.947326575233552
42,correto,P-incorreto,FP,1,0,0.977039770397704,0.9193672839506173,0.947326575233552
42,correto,P-correto,VP,1,1,0.977039770397704,0.9193672839506173,0.947326575233552
42,correto,P-incorreto,FP,1,0,0.977039770397704,0.9193672839506173,0.947326575233552
42,correto,P-correto,VP,1,1,0.977039770397704,0.9193672839506173,0.947326575233552
42,correto,P-correto,VP,1,1,0.977039770397704,0.9193672839506173,0.947326575233552
42,correto,P-correto,VP,1,1,0.977039770397704,0.9193672839506173,0.947326575233552
42,correto,P-incorreto,FP,1,0,0.977039770397704,0.9193672839506173,0.947326575233552
42,correto,P-correto,VP,1,1,0.977039770397704,0.9193672839506173,0.947326575233552
42,correto,P-correto,VP,1,1,0.977039770397704,0.9193672839506173,0.947326575233552
42,correto,P-correto,VP,1,1,0.977039770397704,0.9193672839506173,0.947326575233552
42,correto,P-correto,VP,1,1,0.977039770397704,0.9193672839506173,0.947326575233552
42,correto,P-correto,VP,1,1,0.977039770397704,0.9193672839506173,0.947326575233552
42,correto,P-correto,VP,1,1,0.977039770397704,0.9193672839506173,0.947326575233552
42,correto,P-correto,VP,1,1,0.977039770397704,0.9193672839506173,0.947326575233552
42,correto,P-correto,VP,1,1,0.977039770397704,0.9193672839506173,0.947326575233552
42,correto,P-correto,VP,1,1,0.977039770397704,0.9193672839506173,0.947326575233552
42,correto,P-correto,VP,1,1,0.977039770397704,0.9193672839506173,0.947326575233552
42,correto,P-correto,VP,1,1,0.977039770397704,0.9193672839506173,0.947326575233552
42,correto,P-correto,VP,1,1,0.977039770397704,0.9193672839506173,0.947326575233552
42,correto,P-correto,VP,1,1,0.977039770397704,0.9193672839506173,0.947326575233552
42,correto,P-correto,VP,1,1,0.977039770397704,0.9193672839506173,0.947326575233552
42,correto,P-correto,VP,1,1,0.977039770397704,0.9193672839506173,0.947326575233552
42,correto,P-incorreto,FP,1,0,0.977039770397704,0.9193672839506173,0.947326575233552
42,correto,P-incorreto,FP,1,0,0.977039770397704,0.9193672839506173,0.947326575233552
42,correto,P-correto,VP,1,1,0.977039770397704,0.9193672839506173,0.947326575233552
42,correto,P-correto,VP,1,1,0.977039770397704,0.9193672839506173,0.947326575233552
42,correto,P-correto,VP,1,1,0.977039770397704,0.9193672839506173,0.947326575233552
42,correto,P-correto,VP,1,1,0.977039770397704,0.9193672839506173,0.947326575233552
42,correto,P-correto,VP,1,1,0.977039770397704,0.9193672839506173,0.947326575233552
42,correto,P-correto,VP,1,1,0.977039770397704,0.9193672839506173,0.947326575233552
42,correto,P-correto,VP,1,1,0.977039770397704,0.9193672839506173,0.947326575233552
42,correto,P-correto,VP,1,1,0.977039770397704,0.9193672839506173,0.947326575233552
42,correto,P-correto,VP,1,1,0.977039770397704,0.9193672839506173,0.947326575233552
42,correto,P-incorreto,FP,1,0,0.977039770397704,0.9193672839506173,0.947326575233552
42,correto,P-correto,VP,1,1,0.977039770397704,0.9193672839506173,0.947326575233552
42,correto,P-correto,VP,1,1,0.977039770397704,0.9193672839506173,0.947326575233552
42,correto,P-correto,VP,1,1,0.977039770397704,0.9193672839506173,0.947326575233552
42,correto,P-correto,VP,1,1,0.977039770397704,0.9193672839506173,0.947326575233552
41,incorreto,P-correto,FN,0,1,0.977039770397704,0.9193672839506173,0.947326575233552
42,correto,P-correto,VP,1,1,0.977039770397704,0.9193672839506173,0.947326575233552
42,correto,P-incorreto,FP,1,0,0.977039770397704,0.9193672839506173,0.947326575233552
42,correto,P-incorreto,FP,1,0,0.977039770397704,0.9193672839506173,0.947326575233552
42,correto,P-correto,VP,1,1,0.977039770397704,0.9193672839506173,0.947326575233552
42,correto,P-correto,VP,1,1,0.977039770397704,0.9193672839506173,0.947326575233552
42,correto,P-incorreto,FP,1,0,0.977039770397704,0.9193672839506173,0.947326575233552
42,correto,P-correto,VP,1,1,0.977039770397704,0.9193672839506173,0.947326575233552
42,correto,P-correto,VP,1,1,0.977039770397704,0.9193672839506173,0.947326575233552
42,correto,P-correto,VP,1,1,0.977039770397704,0.9193672839506173,0.947326575233552
42,correto,P-correto,VP,1,1,0.977039770397704,0.9193672839506173,0.947326575233552
42,correto,P-correto,VP,1,1,0.977039770397704,0.9193672839506173,0.947326575233552
42,correto,P-correto,VP,1,1,0.977039770397704,0.9193672839506173,0.947326575233552
42,correto,P-correto,VP,1,1,0.977039770397704,0.9193672839506173,0.947326575233552
42,correto,P-incorreto,FP,1,0,0.977039770397704,0.9193672839506173,0.947326575233552
42,correto,P-correto,VP,1,1,0.977039770397704,0.9193672839506173,0.947326575233552
42,correto,P-correto,VP,1,1,0.977039770397704,0.9193672839506173,0.947326575233552
42,correto,P-correto,VP,1,1,0.977039770397704,0.9193672839506173,0.947326575233552
42,correto,P-correto,VP,1,1,0.977039770397704,0.9193672839506173,0.947326575233552
42,correto,P-correto,VP,1,1,0.977039770397704,0.9193672839506173,0.947326575233552
42,correto,P-correto,VP,1,1,0.977039770397704,0.9193672839506173,0.947326575233552
42,correto,P-correto,VP,1,1,0.977039770397704,0.9193672839506173,0.947326575233552
42,correto,P-incorreto,FP,1,0,0.977039770397704,0.9193672839506173,0.947326575233552
42,correto,P-correto,VP,1,1,0.977039770397704,0.9193672839506173,0.947326575233552
42,incorreto,P-correto,FN,0,1,0.977039770397704,0.9193672839506173,0.947326575233552
42,correto,P-correto,VP,1,1,0.977039770397704,0.9193672839506173,0.947326575233552
42,correto,P-correto,VP,1,1,0.977039770397704,0.9193672839506173,0.947326575233552
42,correto,P-correto,VP,1,1,0.977039770397704,0.9193672839506173,0.947326575233552
42,correto,P-correto,VP,1,1,0.977039770397704,0.9193672839506173,0.947326575233552
42,correto,P-correto,VP,1,1,0.977039770397704,0.9193672839506173,0.947326575233552
42,correto,P-correto,VP,1,1,0.977039770397704,0.9193672839506173,0.947326575233552
42,correto,P-correto,VP,1,1,0.977039770397704,0.9193672839506173,0.947326575233552
42,correto,P-correto,VP,1,1,0.977039770397704,0.9193672839506173,0.947326575233552
42,correto,P-correto,VP,1,1,0.977039770397704,0.9193672839506173,0.947326575233552
42,correto,P-correto,VP,1,1,0.977039770397704,0.9193672839506173,0.947326575233552
42,correto,P-correto,VP,1,1,0.977039770397704,0.9193672839506173,0.947326575233552
42,correto,P-correto,VP,1,1,0.977039770397704,0.9193672839506173,0.947326575233552
42,correto,P-correto,VP,1,1,0.977039770397704,0.9193672839506173,0.947326575233552
42,correto,P-correto,VP,1,1,0.977039770397704,0.9193672839506173,0.947326575233552
42,correto,P-correto,VP,1,1,0.977039770397704,0.9193672839506173,0.947326575233552
42,correto,P-correto,VP,1,1,0.977039770397704,0.9193672839506173,0.947326575233552
42,correto,P-correto,VP,1,1,0.977039770397704,0.9193672839506173,0.947326575233552
42,correto,P-correto,VP,1,1,0.977039770397704,0.9193672839506173,0.947326575233552
42,correto,P-incorreto,FP,1,0,0.977039770397704,0.9193672839506173,0.947326575233552
42,correto,P-correto,VP,1,1,0.977039770397704,0.9193672839506173,0.947326575233552
42,correto,P-correto,VP,1,1,0.977039770397704,0.9193672839506173,0.947326575233552
42,correto,P-correto,VP,1,1,0.977039770397704,0.9193672839506173,0.947326575233552
42,correto,P-correto,VP,1,1,0.977039770397704,0.9193672839506173,0.947326575233552
42,correto,P-correto,VP,1,1,0.977039770397704,0.9193672839506173,0.947326575233552
42,correto,P-correto,VP,1,1,0.977039770397704,0.9193672839506173,0.947326575233552
42,correto,P-correto,VP,1,1,0.977039770397704,0.9193672839506173,0.947326575233552
46,incorreto,P-incorreto,VN,0,0,0.977039770397704,0.9193672839506173,0.947326575233552
42,correto,P-correto,VP,1,1,0.977039770397704,0.9193672839506173,0.947326575233552
42,correto,P-correto,VP,1,1,0.977039770397704,0.9193672839506173,0.947326575233552
42,correto,P-correto,VP,1,1,0.977039770397704,0.9193672839506173,0.947326575233552
42,correto,P-correto,VP,1,1,0.977039770397704,0.9193672839506173,0.947326575233552
27,incorreto,P-incorreto,VN,0,0,0.977039770397704,0.9193672839506173,0.947326575233552
42,correto,P-correto,VP,1,1,0.977039770397704,0.9193672839506173,0.947326575233552
54,incorreto,P-incorreto,VN,0,0,0.977039770397704,0.9193672839506173,0.947326575233552
25,incorreto,P-incorreto,VN,0,0,0.977039770397704,0.9193672839506173,0.947326575233552
42,correto,P-correto,VP,1,1,0.977039770397704,0.9193672839506173,0.947326575233552
42,correto,P-correto,VP,1,1,0.977039770397704,0.9193672839506173,0.947326575233552
42,correto,P-correto,VP,1,1,0.977039770397704,0.9193672839506173,0.947326575233552
42,correto,P-correto,VP,1,1,0.977039770397704,0.9193672839506173,0.947326575233552
42,correto,P-correto,VP,1,1,0.977039770397704,0.9193672839506173,0.947326575233552
42,correto,P-correto,VP,1,1,0.977039770397704,0.9193672839506173,0.947326575233552
42,correto,P-correto,VP,1,1,0.977039770397704,0.9193672839506173,0.947326575233552
42,correto,P-correto,VP,1,1,0.977039770397704,0.9193672839506173,0.947326575233552
42,correto,P-correto,VP,1,1,0.977039770397704,0.9193672839506173,0.947326575233552
42,correto,P-correto,VP,1,1,0.977039770397704,0.9193672839506173,0.947326575233552
42,correto,P-correto,VP,1,1,0.977039770397704,0.9193672839506173,0.947326575233552
42,correto,P-correto,VP,1,1,0.977039770397704,0.9193672839506173,0.947326575233552
42,correto,P-correto,VP,1,1,0.977039770397704,0.9193672839506173,0.947326575233552
42,correto,P-correto,VP,1,1,0.977039770397704,0.9193672839506173,0.947326575233552
42,correto,P-correto,VP,1,1,0.977039770397704,0.9193672839506173,0.947326575233552
42,correto,P-incorreto,FP,1,0,0.977039770397704,0.9193672839506173,0.947326575233552
42,correto,P-correto,VP,1,1,0.977039770397704,0.9193672839506173,0.947326575233552
42,correto,P-correto,VP,1,1,0.977039770397704,0.9193672839506173,0.947326575233552
42,correto,P-correto,VP,1,1,0.977039770397704,0.9193672839506173,0.947326575233552
42,correto,P-incorreto,FP,1,0,0.977039770397704,0.9193672839506173,0.947326575233552
42,correto,P-correto,VP,1,1,0.977039770397704,0.9193672839506173,0.947326575233552
42,correto,P-correto,VP,1,1,0.977039770397704,0.9193672839506173,0.947326575233552
42,correto,P-correto,VP,1,1,0.977039770397704,0.9193672839506173,0.947326575233552
42,correto,P-correto,VP,1,1,0.977039770397704,0.9193672839506173,0.947326575233552
42,correto,P-correto,VP,1,1,0.977039770397704,0.9193672839506173,0.947326575233552
42,correto,P-correto,VP,1,1,0.977039770397704,0.9193672839506173,0.947326575233552
42,correto,P-correto,VP,1,1,0.977039770397704,0.9193672839506173,0.947326575233552
42,correto,P-correto,VP,1,1,0.977039770397704,0.9193672839506173,0.947326575233552
42,correto,P-correto,VP,1,1,0.977039770397704,0.9193672839506173,0.947326575233552
42,correto,P-correto,VP,1,1,0.977039770397704,0.9193672839506173,0.947326575233552
42,correto,P-correto,VP,1,1,0.977039770397704,0.9193672839506173,0.947326575233552
42,correto,P-correto,VP,1,1,0.977039770397704,0.9193672839506173,0.947326575233552
32,incorreto,P-incorreto,VN,0,0,0.977039770397704,0.9193672839506173,0.947326575233552
42,correto,P-incorreto,FP,1,0,0.977039770397704,0.9193672839506173,0.947326575233552
42,correto,P-correto,VP,1,1,0.977039770397704,0.9193672839506173,0.947326575233552
42,correto,P-correto,VP,1,1,0.977039770397704,0.9193672839506173,0.947326575233552
42,correto,P-correto,VP,1,1,0.977039770397704,0.9193672839506173,0.947326575233552
42,correto,P-correto,VP,1,1,0.977039770397704,0.9193672839506173,0.947326575233552
42,correto,P-correto,VP,1,1,0.977039770397704,0.9193672839506173,0.947326575233552
42,correto,P-correto,VP,1,1,0.977039770397704,0.9193672839506173,0.947326575233552
42,correto,P-correto,VP,1,1,0.977039770397704,0.9193672839506173,0.947326575233552
42,correto,P-incorreto,FP,1,0,0.977039770397704,0.9193672839506173,0.947326575233552
42,correto,P-correto,VP,1,1,0.977039770397704,0.9193672839506173,0.947326575233552
42,correto,P-correto,VP,1,1,0.977039770397704,0.9193672839506173,0.947326575233552
42,correto,P-correto,VP,1,1,0.977039770397704,0.9193672839506173,0.947326575233552
42,correto,P-incorreto,FP,1,0,0.977039770397704,0.9193672839506173,0.947326575233552
42,correto,P-correto,VP,1,1,0.977039770397704,0.9193672839506173,0.947326575233552
42,correto,P-correto,VP,1,1,0.977039770397704,0.9193672839506173,0.947326575233552
42,correto,P-correto,VP,1,1,0.977039770397704,0.9193672839506173,0.947326575233552
43,incorreto,P-correto,FN,0,1,0.977039770397704,0.9193672839506173,0.947326575233552
21,incorreto,P-incorreto,VN,0,0,0.977039770397704,0.9193672839506173,0.947326575233552
42,correto,P-correto,VP,1,1,0.977039770397704,0.9193672839506173,0.947326575233552
42,correto,P-correto,VP,1,1,0.977039770397704,0.9193672839506173,0.947326575233552
42,correto,P-correto,VP,1,1,0.977039770397704,0.9193672839506173,0.947326575233552
42,correto,P-correto,VP,1,1,0.977039770397704,0.9193672839506173,0.947326575233552
42,correto,P-correto,VP,1,1,0.977039770397704,0.9193672839506173,0.947326575233552
42,correto,P-correto,VP,1,1,0.977039770397704,0.9193672839506173,0.947326575233552
42,correto,P-correto,VP,1,1,0.977039770397704,0.9193672839506173,0.947326575233552
42,correto,P-correto,VP,1,1,0.977039770397704,0.9193672839506173,0.947326575233552
42,correto,P-correto,VP,1,1,0.977039770397704,0.9193672839506173,0.947326575233552
45,incorreto,P-incorreto,VN,0,0,0.977039770397704,0.9193672839506173,0.947326575233552
42,correto,P-correto,VP,1,1,0.977039770397704,0.9193672839506173,0.947326575233552
42,correto,P-correto,VP,1,1,0.977039770397704,0.9193672839506173,0.947326575233552
42,correto,P-correto,VP,1,1,0.977039770397704,0.9193672839506173,0.947326575233552
42,correto,P-correto,VP,1,1,0.977039770397704,0.9193672839506173,0.947326575233552
47,incorreto,P-incorreto,VN,0,0,0.977039770397704,0.9193672839506173,0.947326575233552
42,correto,P-correto,VP,1,1,0.977039770397704,0.9193672839506173,0.947326575233552
42,correto,P-correto,VP,1,1,0.977039770397704,0.9193672839506173,0.947326575233552
42,correto,P-correto,VP,1,1,0.977039770397704,0.9193672839506173,0.947326575233552
34,incorreto,P-incorreto,VN,0,0,0.977039770397704,0.9193672839506173,0.947326575233552
34,incorreto,P-incorreto,VN,0,0,0.977039770397704,0.9193672839506173,0.947326575233552
42,correto,P-correto,VP,1,1,0.977039770397704,0.9193672839506173,0.947326575233552
42,correto,P-correto,VP,1,1,0.977039770397704,0.9193672839506173,0.947326575233552
42,correto,P-correto,VP,1,1,0.977039770397704,0.9193672839506173,0.947326575233552
42,correto,P-correto,VP,1,1,0.977039770397704,0.9193672839506173,0.947326575233552
42,correto,P-correto,VP,1,1,0.977039770397704,0.9193672839506173,0.947326575233552
42,correto,P-correto,VP,1,1,0.977039770397704,0.9193672839506173,0.947326575233552
42,correto,P-correto,VP,1,1,0.977039770397704,0.9193672839506173,0.947326575233552
42,correto,P-incorreto,FP,1,0,0.977039770397704,0.9193672839506173,0.947326575233552
42,correto,P-correto,VP,1,1,0.977039770397704,0.9193672839506173,0.947326575233552
42,correto,P-correto,VP,1,1,0.977039770397704,0.9193672839506173,0.947326575233552
42,correto,P-correto,VP,1,1,0.977039770397704,0.9193672839506173,0.947326575233552
42,correto,P-correto,VP,1,1,0.977039770397704,0.9193672839506173,0.947326575233552
42,correto,P-correto,VP,1,1,0.977039770397704,0.9193672839506173,0.947326575233552
42,correto,P-incorreto,FP,1,0,0.977039770397704,0.9193672839506173,0.947326575233552
42,correto,P-correto,VP,1,1,0.977039770397704,0.9193672839506173,0.947326575233552
42,correto,P-correto,VP,1,1,0.977039770397704,0.9193672839506173,0.947326575233552
42,correto,P-correto,VP,1,1,0.977039770397704,0.9193672839506173,0.947326575233552
42,correto,P-correto,VP,1,1,0.977039770397704,0.9193672839506173,0.947326575233552
42,correto,P-correto,VP,1,1,0.977039770397704,0.9193672839506173,0.947326575233552
42,correto,P-correto,VP,1,1,0.977039770397704,0.9193672839506173,0.947326575233552
42,correto,P-correto,VP,1,1,0.977039770397704,0.9193672839506173,0.947326575233552
42,correto,P-correto,VP,1,1,0.977039770397704,0.9193672839506173,0.947326575233552
42,correto,P-correto,VP,1,1,0.977039770397704,0.9193672839506173,0.947326575233552
42,correto,P-correto,VP,1,1,0.977039770397704,0.9193672839506173,0.947326575233552
42,correto,P-correto,VP,1,1,0.977039770397704,0.9193672839506173,0.947326575233552
42,correto,P-correto,VP,1,1,0.977039770397704,0.9193672839506173,0.947326575233552
42,correto,P-correto,VP,1,1,0.977039770397704,0.9193672839506173,0.947326575233552
42,correto,P-incorreto,FP,1,0,0.977039770397704,0.9193672839506173,0.947326575233552
42,correto,P-correto,VP,1,1,0.977039770397704,0.9193672839506173,0.947326575233552
42,correto,P-correto,VP,1,1,0.977039770397704,0.9193672839506173,0.947326575233552
42,correto,P-correto,VP,1,1,0.977039770397704,0.9193672839506173,0.947326575233552
42,correto,P-correto,VP,1,1,0.977039770397704,0.9193672839506173,0.947326575233552
42,correto,P-incorreto,FP,1,0,0.977039770397704,0.9193672839506173,0.947326575233552
44,incorreto,P-incorreto,VN,0,0,0.977039770397704,0.9193672839506173,0.947326575233552
42,correto,P-correto,VP,1,1,0.977039770397704,0.9193672839506173,0.947326575233552
42,correto,P-correto,VP,1,1,0.977039770397704,0.9193672839506173,0.947326575233552
42,correto,P-correto,VP,1,1,0.977039770397704,0.9193672839506173,0.947326575233552
42,correto,P-correto,VP,1,1,0.977039770397704,0.9193672839506173,0.947326575233552
42,correto,P-correto,VP,1,1,0.977039770397704,0.9193672839506173,0.947326575233552
42,correto,P-correto,VP,1,1,0.977039770397704,0.9193672839506173,0.947326575233552
46,incorreto,P-incorreto,VN,0,0,0.977039770397704,0.9193672839506173,0.947326575233552
42,correto,P-correto,VP,1,1,0.977039770397704,0.9193672839506173,0.947326575233552
48,incorreto,P-incorreto,VN,0,0,0.977039770397704,0.9193672839506173,0.947326575233552
42,correto,P-correto,VP,1,1,0.977039770397704,0.9193672839506173,0.947326575233552
42,correto,P-correto,VP,1,1,0.977039770397704,0.9193672839506173,0.947326575233552
42,correto,P-incorreto,FP,1,0,0.977039770397704,0.9193672839506173,0.947326575233552
42,correto,P-correto,VP,1,1,0.977039770397704,0.9193672839506173,0.947326575233552
58,incorreto,P-incorreto,VN,0,0,0.977039770397704,0.9193672839506173,0.947326575233552
42,correto,P-incorreto,FP,1,0,0.977039770397704,0.9193672839506173,0.947326575233552
42,correto,P-correto,VP,1,1,0.977039770397704,0.9193672839506173,0.947326575233552
42,correto,P-correto,VP,1,1,0.977039770397704,0.9193672839506173,0.947326575233552
42,correto,P-correto,VP,1,1,0.977039770397704,0.9193672839506173,0.947326575233552
42,correto,P-correto,VP,1,1,0.977039770397704,0.9193672839506173,0.947326575233552
42,correto,P-correto,VP,1,1,0.977039770397704,0.9193672839506173,0.947326575233552
42,correto,P-correto,VP,1,1,0.977039770397704,0.9193672839506173,0.947326575233552
42,correto,P-correto,VP,1,1,0.977039770397704,0.9193672839506173,0.947326575233552
47,incorreto,P-incorreto,VN,0,0,0.977039770397704,0.9193672839506173,0.947326575233552
42,correto,P-correto,VP,1,1,0.977039770397704,0.9193672839506173,0.947326575233552
42,correto,P-correto,VP,1,1,0.977039770397704,0.9193672839506173,0.947326575233552
42,correto,P-correto,VP,1,1,0.977039770397704,0.9193672839506173,0.947326575233552
42,correto,P-correto,VP,1,1,0.977039770397704,0.9193672839506173,0.947326575233552
42,correto,P-correto,VP,1,1,0.977039770397704,0.9193672839506173,0.947326575233552
42,correto,P-correto,VP,1,1,0.977039770397704,0.9193672839506173,0.947326575233552
42,correto,P-correto,VP,1,1,0.977039770397704,0.9193672839506173,0.947326575233552
42,correto,P-correto,VP,1,1,0.977039770397704,0.9193672839506173,0.947326575233552
42,correto,P-correto,VP,1,1,0.977039770397704,0.9193672839506173,0.947326575233552
42,correto,P-incorreto,FP,1,0,0.977039770397704,0.9193672839506173,0.947326575233552
42,correto,P-correto,VP,1,1,0.977039770397704,0.9193672839506173,0.947326575233552
42,correto,P-correto,VP,1,1,0.977039770397704,0.9193672839506173,0.947326575233552
45,incorreto,P-incorreto,VN,0,0,0.977039770397704,0.9193672839506173,0.947326575233552
42,incorreto,P-correto,FN,0,1,0.977039770397704,0.9193672839506173,0.947326575233552
42,correto,P-correto,VP,1,1,0.977039770397704,0.9193672839506173,0.947326575233552
42,correto,P-incorreto,FP,1,0,0.977039770397704,0.9193672839506173,0.947326575233552
42,correto,P-correto,VP,1,1,0.977039770397704,0.9193672839506173,0.947326575233552
42,correto,P-correto,VP,1,1,0.977039770397704,0.9193672839506173,0.947326575233552
42,correto,P-correto,VP,1,1,0.977039770397704,0.9193672839506173,0.947326575233552
42,correto,P-correto,VP,1,1,0.977039770397704,0.9193672839506173,0.947326575233552
42,correto,P-correto,VP,1,1,0.977039770397704,0.9193672839506173,0.947326575233552
42,correto,P-correto,VP,1,1,0.977039770397704,0.9193672839506173,0.947326575233552
42,correto,P-correto,VP,1,1,0.977039770397704,0.9193672839506173,0.947326575233552
42,correto,P-correto,VP,1,1,0.977039770397704,0.9193672839506173,0.947326575233552
42,correto,P-correto,VP,1,1,0.977039770397704,0.9193672839506173,0.947326575233552
42,correto,P-correto,VP,1,1,0.977039770397704,0.9193672839506173,0.947326575233552
42,correto,P-correto,VP,1,1,0.977039770397704,0.9193672839506173,0.947326575233552
42,correto,P-correto,VP,1,1,0.977039770397704,0.9193672839506173,0.947326575233552
42,correto,P-correto,VP,1,1,0.977039770397704,0.9193672839506173,0.947326575233552
42,correto,P-correto,VP,1,1,0.977039770397704,0.9193672839506173,0.947326575233552
42,correto,P-correto,VP,1,1,0.977039770397704,0.9193672839506173,0.947326575233552
42,correto,P-correto,VP,1,1,0.977039770397704,0.9193672839506173,0.947326575233552
42,correto,P-correto,VP,1,1,0.977039770397704,0.9193672839506173,0.947326575233552
42,correto,P-correto,VP,1,1,0.977039770397704,0.9193672839506173,0.947326575233552
43,incorreto,P-correto,FN,0,1,0.977039770397704,0.9193672839506173,0.947326575233552
42,correto,P-correto,VP,1,1,0.977039770397704,0.9193672839506173,0.947326575233552
42,correto,P-correto,VP,1,1,0.977039770397704,0.9193672839506173,0.947326575233552
42,correto,P-incorreto,FP,1,0,0.977039770397704,0.9193672839506173,0.947326575233552
40,incorreto,P-correto,FN,0,1,0.977039770397704,0.9193672839506173,0.947326575233552
42,correto,P-correto,VP,1,1,0.977039770397704,0.9193672839506173,0.947326575233552
42,correto,P-correto,VP,1,1,0.977039770397704,0.9193672839506173,0.947326575233552
42,correto,P-correto,VP,1,1,0.977039770397704,0.9193672839506173,0.947326575233552
42,correto,P-correto,VP,1,1,0.977039770397704,0.9193672839506173,0.947326575233552
42,correto,P-correto,VP,1,1,0.977039770397704,0.9193672839506173,0.947326575233552
42,correto,P-correto,VP,1,1,0.977039770397704,0.9193672839506173,0.947326575233552
42,correto,P-correto,VP,1,1,0.977039770397704,0.9193672839506173,0.947326575233552
42,correto,P-incorreto,FP,1,0,0.977039770397704,0.9193672839506173,0.947326575233552
42,correto,P-correto,VP,1,1,0.977039770397704,0.9193672839506173,0.947326575233552
42,correto,P-correto,VP,1,1,0.977039770397704,0.9193672839506173,0.947326575233552
42,correto,P-correto,VP,1,1,0.977039770397704,0.9193672839506173,0.947326575233552
42,incorreto,P-correto,FN,0,1,0.977039770397704,0.9193672839506173,0.947326575233552
42,correto,P-correto,VP,1,1,0.977039770397704,0.9193672839506173,0.947326575233552
42,correto,P-correto,VP,1,1,0.977039770397704,0.9193672839506173,0.947326575233552
42,correto,P-correto,VP,1,1,0.977039770397704,0.9193672839506173,0.947326575233552
42,correto,P-incorreto,FP,1,0,0.977039770397704,0.9193672839506173,0.947326575233552
42,correto,P-correto,VP,1,1,0.977039770397704,0.9193672839506173,0.947326575233552
42,correto,P-correto,VP,1,1,0.977039770397704,0.9193672839506173,0.947326575233552
42,correto,P-correto,VP,1,1,0.977039770397704,0.9193672839506173,0.947326575233552
42,correto,P-correto,VP,1,1,0.977039770397704,0.9193672839506173,0.947326575233552
42,correto,P-correto,VP,1,1,0.977039770397704,0.9193672839506173,0.947326575233552
42,correto,P-incorreto,FP,1,0,0.977039770397704,0.9193672839506173,0.947326575233552
42,correto,P-correto,VP,1,1,0.977039770397704,0.9193672839506173,0.947326575233552
42,correto,P-correto,VP,1,1,0.977039770397704,0.9193672839506173,0.947326575233552
42,correto,P-correto,VP,1,1,0.977039770397704,0.9193672839506173,0.947326575233552
42,correto,P-correto,VP,1,1,0.977039770397704,0.9193672839506173,0.947326575233552
42,correto,P-correto,VP,1,1,0.977039770397704,0.9193672839506173,0.947326575233552
42,correto,P-incorreto,FP,1,0,0.977039770397704,0.9193672839506173,0.947326575233552
42,correto,P-incorreto,FP,1,0,0.977039770397704,0.9193672839506173,0.947326575233552
42,correto,P-correto,VP,1,1,0.977039770397704,0.9193672839506173,0.947326575233552
42,correto,P-incorreto,FP,1,0,0.977039770397704,0.9193672839506173,0.947326575233552
42,correto,P-correto,VP,1,1,0.977039770397704,0.9193672839506173,0.947326575233552
42,correto,P-correto,VP,1,1,0.977039770397704,0.9193672839506173,0.947326575233552
42,correto,P-correto,VP,1,1,0.977039770397704,0.9193672839506173,0.947326575233552
42,correto,P-correto,VP,1,1,0.977039770397704,0.9193672839506173,0.947326575233552
42,correto,P-correto,VP,1,1,0.977039770397704,0.9193672839506173,0.947326575233552
42,correto,P-correto,VP,1,1,0.977039770397704,0.9193672839506173,0.947326575233552
38,incorreto,P-incorreto,VN,0,0,0.977039770397704,0.9193672839506173,0.947326575233552
40,incorreto,P-correto,FN,0,1,0.977039770397704,0.9193672839506173,0.947326575233552
42,correto,P-correto,VP,1,1,0.977039770397704,0.9193672839506173,0.947326575233552
42,correto,P-correto,VP,1,1,0.977039770397704,0.9193672839506173,0.947326575233552
42,correto,P-correto,VP,1,1,0.977039770397704,0.9193672839506173,0.947326575233552
42,correto,P-incorreto,FP,1,0,0.977039770397704,0.9193672839506173,0.947326575233552
17,incorreto,P-incorreto,VN,0,0,0.977039770397704,0.9193672839506173,0.947326575233552
42,correto,P-correto,VP,1,1,0.977039770397704,0.9193672839506173,0.947326575233552
42,correto,P-correto,VP,1,1,0.977039770397704,0.9193672839506173,0.947326575233552
42,correto,P-incorreto,FP,1,0,0.977039770397704,0.9193672839506173,0.947326575233552
42,correto,P-correto,VP,1,1,0.977039770397704,0.9193672839506173,0.947326575233552
56,incorreto,P-incorreto,VN,0,0,0.977039770397704,0.9193672839506173,0.947326575233552
42,correto,P-incorreto,FP,1,0,0.977039770397704,0.9193672839506173,0.947326575233552
42,correto,P-correto,VP,1,1,0.977039770397704,0.9193672839506173,0.947326575233552
42,correto,P-correto,VP,1,1,0.977039770397704,0.9193672839506173,0.947326575233552
42,correto,P-correto,VP,1,1,0.977039770397704,0.9193672839506173,0.947326575233552
42,correto,P-correto,VP,1,1,0.977039770397704,0.9193672839506173,0.947326575233552
42,correto,P-correto,VP,1,1,0.977039770397704,0.9193672839506173,0.947326575233552
42,correto,P-correto,VP,1,1,0.977039770397704,0.9193672839506173,0.947326575233552
42,correto,P-incorreto,FP,1,0,0.977039770397704,0.9193672839506173,0.947326575233552
42,correto,P-correto,VP,1,1,0.977039770397704,0.9193672839506173,0.947326575233552
42,correto,P-correto,VP,1,1,0.977039770397704,0.9193672839506173,0.947326575233552
42,correto,P-correto,VP,1,1,0.977039770397704,0.9193672839506173,0.947326575233552
42,correto,P-correto,VP,1,1,0.977039770397704,0.9193672839506173,0.947326575233552
42,correto,P-correto,VP,1,1,0.977039770397704,0.9193672839506173,0.947326575233552
42,correto,P-correto,VP,1,1,0.977039770397704,0.9193672839506173,0.947326575233552
42,correto,P-correto,VP,1,1,0.977039770397704,0.9193672839506173,0.947326575233552
42,correto,P-correto,VP,1,1,0.977039770397704,0.9193672839506173,0.947326575233552
42,correto,P-incorreto,FP,1,0,0.977039770397704,0.9193672839506173,0.947326575233552
42,correto,P-correto,VP,1,1,0.977039770397704,0.9193672839506173,0.947326575233552
42,correto,P-correto,VP,1,1,0.977039770397704,0.9193672839506173,0.947326575233552
42,correto,P-correto,VP,1,1,0.977039770397704,0.9193672839506173,0.947326575233552
42,correto,P-correto,VP,1,1,0.977039770397704,0.9193672839506173,0.947326575233552
42,correto,P-correto,VP,1,1,0.977039770397704,0.9193672839506173,0.947326575233552
42,correto,P-correto,VP,1,1,0.977039770397704,0.9193672839506173,0.947326575233552
42,correto,P-correto,VP,1,1,0.977039770397704,0.9193672839506173,0.947326575233552
42,correto,P-incorreto,FP,1,0,0.977039770397704,0.9193672839506173,0.947326575233552
42,correto,P-correto,VP,1,1,0.977039770397704,0.9193672839506173,0.947326575233552
49,incorreto,P-incorreto,VN,0,0,0.977039770397704,0.9193672839506173,0.947326575233552
42,correto,P-correto,VP,1,1,0.977039770397704,0.9193672839506173,0.947326575233552
42,correto,P-correto,VP,1,1,0.977039770397704,0.9193672839506173,0.947326575233552
42,correto,P-correto,VP,1,1,0.977039770397704,0.9193672839506173,0.947326575233552
42,correto,P-incorreto,FP,1,0,0.977039770397704,0.9193672839506173,0.947326575233552
42,correto,P-correto,VP,1,1,0.977039770397704,0.9193672839506173,0.947326575233552
42,correto,P-correto,VP,1,1,0.977039770397704,0.9193672839506173,0.947326575233552
42,correto,P-incorreto,FP,1,0,0.977039770397704,0.9193672839506173,0.947326575233552
42,correto,P-correto,VP,1,1,0.977039770397704,0.9193672839506173,0.947326575233552
42,correto,P-correto,VP,1,1,0.977039770397704,0.9193672839506173,0.947326575233552
42,correto,P-correto,VP,1,1,0.977039770397704,0.9193672839506173,0.947326575233552
42,correto,P-correto,VP,1,1,0.977039770397704,0.9193672839506173,0.947326575233552
42,correto,P-correto,VP,1,1,0.977039770397704,0.9193672839506173,0.947326575233552
42,correto,P-correto,VP,1,1,0.977039770397704,0.9193672839506173,0.947326575233552
42,correto,P-correto,VP,1,1,0.977039770397704,0.9193672839506173,0.947326575233552
44,incorreto,P-incorreto,VN,0,0,0.977039770397704,0.9193672839506173,0.947326575233552
42,correto,P-correto,VP,1,1,0.977039770397704,0.9193672839506173,0.947326575233552
42,correto,P-correto,VP,1,1,0.977039770397704,0.9193672839506173,0.947326575233552
42,correto,P-correto,VP,1,1,0.977039770397704,0.9193672839506173,0.947326575233552
42,correto,P-correto,VP,1,1,0.977039770397704,0.9193672839506173,0.947326575233552
38,incorreto,P-incorreto,VN,0,0,0.977039770397704,0.9193672839506173,0.947326575233552
42,correto,P-correto,VP,1,1,0.977039770397704,0.9193672839506173,0.947326575233552
42,correto,P-correto,VP,1,1,0.977039770397704,0.9193672839506173,0.947326575233552
42,correto,P-incorreto,FP,1,0,0.977039770397704,0.9193672839506173,0.947326575233552
20,incorreto,P-incorreto,VN,0,0,0.977039770397704,0.9193672839506173,0.947326575233552
42,correto,P-correto,VP,1,1,0.977039770397704,0.9193672839506173,0.947326575233552
42,correto,P-correto,VP,1,1,0.977039770397704,0.9193672839506173,0.947326575233552
42,correto,P-incorreto,FP,1,0,0.977039770397704,0.9193672839506173,0.947326575233552
42,correto,P-correto,VP,1,1,0.977039770397704,0.9193672839506173,0.947326575233552
42,correto,P-correto,VP,1,1,0.977039770397704,0.9193672839506173,0.947326575233552
42,correto,P-correto,VP,1,1,0.977039770397704,0.9193672839506173,0.947326575233552
42,correto,P-correto,VP,1,1,0.977039770397704,0.9193672839506173,0.947326575233552
42,correto,P-correto,VP,1,1,0.977039770397704,0.9193672839506173,0.947326575233552
42,correto,P-incorreto,FP,1,0,0.977039770397704,0.9193672839506173,0.947326575233552
42,correto,P-incorreto,FP,1,0,0.977039770397704,0.9193672839506173,0.947326575233552
42,correto,P-correto,VP,1,1,0.977039770397704,0.9193672839506173,0.947326575233552
42,correto,P-correto,VP,1,1,0.977039770397704,0.9193672839506173,0.947326575233552
42,correto,P-correto,VP,1,1,0.977039770397704,0.9193672839506173,0.947326575233552
42,correto,P-correto,VP,1,1,0.977039770397704,0.9193672839506173,0.947326575233552
42,correto,P-correto,VP,1,1,0.977039770397704,0.9193672839506173,0.947326575233552
42,correto,P-incorreto,FP,1,0,0.977039770397704,0.9193672839506173,0.947326575233552
42,correto,P-correto,VP,1,1,0.977039770397704,0.9193672839506173,0.947326575233552
42,correto,P-correto,VP,1,1,0.977039770397704,0.9193672839506173,0.947326575233552
42,correto,P-correto,VP,1,1,0.977039770397704,0.9193672839506173,0.947326575233552
42,correto,P-correto,VP,1,1,0.977039770397704,0.9193672839506173,0.947326575233552
51,incorreto,P-incorreto,VN,0,0,0.977039770397704,0.9193672839506173,0.947326575233552
42,correto,P-correto,VP,1,1,0.977039770397704,0.9193672839506173,0.947326575233552
42,correto,P-correto,VP,1,1,0.977039770397704,0.9193672839506173,0.947326575233552
42,correto,P-correto,VP,1,1,0.977039770397704,0.9193672839506173,0.947326575233552
42,correto,P-correto,VP,1,1,0.977039770397704,0.9193672839506173,0.947326575233552
42,correto,P-correto,VP,1,1,0.977039770397704,0.9193672839506173,0.947326575233552
42,correto,P-correto,VP,1,1,0.977039770397704,0.9193672839506173,0.947326575233552
42,correto,P-correto,VP,1,1,0.977039770397704,0.9193672839506173,0.947326575233552
42,correto,P-correto,VP,1,1,0.977039770397704,0.9193672839506173,0.947326575233552
42,correto,P-correto,VP,1,1,0.977039770397704,0.9193672839506173,0.947326575233552
42,correto,P-correto,VP,1,1,0.977039770397704,0.9193672839506173,0.947326575233552
42,correto,P-correto,VP,1,1,0.977039770397704,0.9193672839506173,0.947326575233552
42,correto,P-correto,VP,1,1,0.977039770397704,0.9193672839506173,0.947326575233552
42,correto,P-correto,VP,1,1,0.977039770397704,0.9193672839506173,0.947326575233552
42,correto,P-correto,VP,1,1,0.977039770397704,0.9193672839506173,0.947326575233552
42,correto,P-correto,VP,1,1,0.977039770397704,0.9193672839506173,0.947326575233552
42,correto,P-correto,VP,1,1,0.977039770397704,0.9193672839506173,0.947326575233552
42,correto,P-correto,VP,1,1,0.977039770397704,0.9193672839506173,0.947326575233552
42,correto,P-correto,VP,1,1,0.977039770397704,0.9193672839506173,0.947326575233552
42,correto,P-correto,VP,1,1,0.977039770397704,0.9193672839506173,0.947326575233552
42,correto,P-correto,VP,1,1,0.977039770397704,0.9193672839506173,0.947326575233552
42,correto,P-correto,VP,1,1,0.977039770397704,0.9193672839506173,0.947326575233552
42,correto,P-correto,VP,1,1,0.977039770397704,0.9193672839506173,0.947326575233552
42,correto,P-correto,VP,1,1,0.977039770397704,0.9193672839506173,0.947326575233552
42,correto,P-correto,VP,1,1,0.977039770397704,0.9193672839506173,0.947326575233552
42,correto,P-correto,VP,1,1,0.977039770397704,0.9193672839506173,0.947326575233552
42,correto,P-correto,VP,1,1,0.977039770397704,0.9193672839506173,0.947326575233552
46,incorreto,P-incorreto,VN,0,0,0.977039770397704,0.9193672839506173,0.947326575233552
42,correto,P-correto,VP,1,1,0.977039770397704,0.9193672839506173,0.947326575233552
42,correto,P-correto,VP,1,1,0.977039770397704,0.9193672839506173,0.947326575233552
42,correto,P-correto,VP,1,1,0.977039770397704,0.9193672839506173,0.947326575233552
42,correto,P-correto,VP,1,1,0.977039770397704,0.9193672839506173,0.947326575233552
34,incorreto,P-incorreto,VN,0,0,0.977039770397704,0.9193672839506173,0.947326575233552
42,correto,P-correto,VP,1,1,0.977039770397704,0.9193672839506173,0.947326575233552
42,correto,P-correto,VP,1,1,0.977039770397704,0.9193672839506173,0.947326575233552
42,correto,P-correto,VP,1,1,0.977039770397704,0.9193672839506173,0.947326575233552
42,correto,P-correto,VP,1,1,0.977039770397704,0.9193672839506173,0.947326575233552
42,correto,P-correto,VP,1,1,0.977039770397704,0.9193672839506173,0.947326575233552
42,correto,P-correto,VP,1,1,0.977039770397704,0.9193672839506173,0.947326575233552
42,correto,P-correto,VP,1,1,0.977039770397704,0.9193672839506173,0.947326575233552
42,correto,P-correto,VP,1,1,0.977039770397704,0.9193672839506173,0.947326575233552
42,correto,P-correto,VP,1,1,0.977039770397704,0.9193672839506173,0.947326575233552
42,correto,P-correto,VP,1,1,0.977039770397704,0.9193672839506173,0.947326575233552
33,incorreto,P-incorreto,VN,0,0,0.977039770397704,0.9193672839506173,0.947326575233552
42,correto,P-incorreto,FP,1,0,0.977039770397704,0.9193672839506173,0.947326575233552
42,correto,P-correto,VP,1,1,0.977039770397704,0.9193672839506173,0.947326575233552
42,correto,P-correto,VP,1,1,0.977039770397704,0.9193672839506173,0.947326575233552
42,correto,P-correto,VP,1,1,0.977039770397704,0.9193672839506173,0.947326575233552
42,correto,P-correto,VP,1,1,0.977039770397704,0.9193672839506173,0.947326575233552
42,correto,P-correto,VP,1,1,0.977039770397704,0.9193672839506173,0.947326575233552
42,correto,P-correto,VP,1,1,0.977039770397704,0.9193672839506173,0.947326575233552
42,correto,P-correto,VP,1,1,0.977039770397704,0.9193672839506173,0.947326575233552
42,correto,P-correto,VP,1,1,0.977039770397704,0.9193672839506173,0.947326575233552
42,correto,P-correto,VP,1,1,0.977039770397704,0.9193672839506173,0.947326575233552
38,incorreto,P-incorreto,VN,0,0,0.977039770397704,0.9193672839506173,0.947326575233552
42,correto,P-correto,VP,1,1,0.977039770397704,0.9193672839506173,0.947326575233552
41,incorreto,P-correto,FN,0,1,0.977039770397704,0.9193672839506173,0.947326575233552
42,correto,P-correto,VP,1,1,0.977039770397704,0.9193672839506173,0.947326575233552
42,correto,P-incorreto,FP,1,0,0.977039770397704,0.9193672839506173,0.947326575233552
42,correto,P-correto,VP,1,1,0.977039770397704,0.9193672839506173,0.947326575233552
42,correto,P-correto,VP,1,1,0.977039770397704,0.9193672839506173,0.947326575233552
42,correto,P-correto,VP,1,1,0.977039770397704,0.9193672839506173,0.947326575233552
42,correto,P-correto,VP,1,1,0.977039770397704,0.9193672839506173,0.947326575233552
42,correto,P-correto,VP,1,1,0.977039770397704,0.9193672839506173,0.947326575233552
42,correto,P-correto,VP,1,1,0.977039770397704,0.9193672839506173,0.947326575233552
42,correto,P-correto,VP,1,1,0.977039770397704,0.9193672839506173,0.947326575233552
42,correto,P-correto,VP,1,1,0.977039770397704,0.9193672839506173,0.947326575233552
42,correto,P-correto,VP,1,1,0.977039770397704,0.9193672839506173,0.947326575233552
42,correto,P-correto,VP,1,1,0.977039770397704,0.9193672839506173,0.947326575233552
59,incorreto,P-incorreto,VN,0,0,0.977039770397704,0.9193672839506173,0.947326575233552
42,correto,P-correto,VP,1,1,0.977039770397704,0.9193672839506173,0.947326575233552
42,correto,P-correto,VP,1,1,0.977039770397704,0.9193672839506173,0.947326575233552
42,correto,P-correto,VP,1,1,0.977039770397704,0.9193672839506173,0.947326575233552
42,correto,P-correto,VP,1,1,0.977039770397704,0.9193672839506173,0.947326575233552
42,correto,P-correto,VP,1,1,0.977039770397704,0.9193672839506173,0.947326575233552
39,incorreto,P-correto,FN,0,1,0.977039770397704,0.9193672839506173,0.947326575233552
42,correto,P-correto,VP,1,1,0.977039770397704,0.9193672839506173,0.947326575233552
42,correto,P-correto,VP,1,1,0.977039770397704,0.9193672839506173,0.947326575233552
42,correto,P-correto,VP,1,1,0.977039770397704,0.9193672839506173,0.947326575233552
42,correto,P-correto,VP,1,1,0.977039770397704,0.9193672839506173,0.947326575233552
42,correto,P-correto,VP,1,1,0.977039770397704,0.9193672839506173,0.947326575233552
42,correto,P-correto,VP,1,1,0.977039770397704,0.9193672839506173,0.947326575233552
42,correto,P-correto,VP,1,1,0.977039770397704,0.9193672839506173,0.947326575233552
42,correto,P-correto,VP,1,1,0.977039770397704,0.9193672839506173,0.947326575233552
42,correto,P-correto,VP,1,1,0.977039770397704,0.9193672839506173,0.947326575233552
42,correto,P-incorreto,FP,1,0,0.977039770397704,0.9193672839506173,0.947326575233552
42,correto,P-correto,VP,1,1,0.977039770397704,0.9193672839506173,0.947326575233552
42,correto,P-correto,VP,1,1,0.977039770397704,0.9193672839506173,0.947326575233552
42,correto,P-correto,VP,1,1,0.977039770397704,0.9193672839506173,0.947326575233552
42,correto,P-correto,VP,1,1,0.977039770397704,0.9193672839506173,0.947326575233552
40,incorreto,P-correto,FN,0,1,0.977039770397704,0.9193672839506173,0.947326575233552
42,correto,P-correto,VP,1,1,0.977039770397704,0.9193672839506173,0.947326575233552
42,correto,P-correto,VP,1,1,0.977039770397704,0.9193672839506173,0.947326575233552
42,correto,P-correto,VP,1,1,0.977039770397704,0.9193672839506173,0.947326575233552
42,correto,P-correto,VP,1,1,0.977039770397704,0.9193672839506173,0.947326575233552
41,incorreto,P-correto,FN,0,1,0.977039770397704,0.9193672839506173,0.947326575233552
42,correto,P-correto,VP,1,1,0.977039770397704,0.9193672839506173,0.947326575233552
42,correto,P-correto,VP,1,1,0.977039770397704,0.9193672839506173,0.947326575233552
42,correto,P-correto,VP,1,1,0.977039770397704,0.9193672839506173,0.947326575233552
42,correto,P-correto,VP,1,1,0.977039770397704,0.9193672839506173,0.947326575233552
43,incorreto,P-correto,FN,0,1,0.977039770397704,0.9193672839506173,0.947326575233552
42,correto,P-correto,VP,1,1,0.977039770397704,0.9193672839506173,0.947326575233552
42,correto,P-correto,VP,1,1,0.977039770397704,0.9193672839506173,0.947326575233552
42,correto,P-correto,VP,1,1,0.977039770397704,0.9193672839506173,0.947326575233552
42,correto,P-correto,VP,1,1,0.977039770397704,0.9193672839506173,0.947326575233552
42,correto,P-correto,VP,1,1,0.977039770397704,0.9193672839506173,0.947326575233552
39,incorreto,P-correto,FN,0,1,0.977039770397704,0.9193672839506173,0.947326575233552
42,correto,P-correto,VP,1,1,0.977039770397704,0.9193672839506173,0.947326575233552
42,correto,P-incorreto,FP,1,0,0.977039770397704,0.9193672839506173,0.947326575233552
42,correto,P-correto,VP,1,1,0.977039770397704,0.9193672839506173,0.947326575233552
29,incorreto,P-incorreto,VN,0,0,0.977039770397704,0.9193672839506173,0.947326575233552
64,incorreto,P-incorreto,VN,0,0,0.977039770397704,0.9193672839506173,0.947326575233552
42,correto,P-correto,VP,1,1,0.977039770397704,0.9193672839506173,0.947326575233552
42,correto,P-correto,VP,1,1,0.977039770397704,0.9193672839506173,0.947326575233552
42,correto,P-correto,VP,1,1,0.977039770397704,0.9193672839506173,0.947326575233552
42,correto,P-correto,VP,1,1,0.977039770397704,0.9193672839506173,0.947326575233552
42,correto,P-correto,VP,1,1,0.977039770397704,0.9193672839506173,0.947326575233552
42,correto,P-correto,VP,1,1,0.977039770397704,0.9193672839506173,0.947326575233552
42,correto,P-correto,VP,1,1,0.977039770397704,0.9193672839506173,0.947326575233552
42,correto,P-correto,VP,1,1,0.977039770397704,0.9193672839506173,0.947326575233552
42,correto,P-correto,VP,1,1,0.977039770397704,0.9193672839506173,0.947326575233552
42,correto,P-correto,VP,1,1,0.977039770397704,0.9193672839506173,0.947326575233552
42,correto,P-correto,VP,1,1,0.977039770397704,0.9193672839506173,0.947326575233552
42,correto,P-correto,VP,1,1,0.977039770397704,0.9193672839506173,0.947326575233552
42,correto,P-correto,VP,1,1,0.977039770397704,0.9193672839506173,0.947326575233552
42,correto,P-correto,VP,1,1,0.977039770397704,0.9193672839506173,0.947326575233552
41,incorreto,P-correto,FN,0,1,0.977039770397704,0.9193672839506173,0.947326575233552
42,correto,P-correto,VP,1,1,0.977039770397704,0.9193672839506173,0.947326575233552
42,correto,P-correto,VP,1,1,0.977039770397704,0.9193672839506173,0.947326575233552
42,correto,P-correto,VP,1,1,0.977039770397704,0.9193672839506173,0.947326575233552
42,correto,P-correto,VP,1,1,0.977039770397704,0.9193672839506173,0.947326575233552
42,correto,P-correto,VP,1,1,0.977039770397704,0.9193672839506173,0.947326575233552
42,correto,P-correto,VP,1,1,0.977039770397704,0.9193672839506173,0.947326575233552
42,correto,P-correto,VP,1,1,0.977039770397704,0.9193672839506173,0.947326575233552
42,correto,P-incorreto,FP,1,0,0.977039770397704,0.9193672839506173,0.947326575233552
42,correto,P-correto,VP,1,1,0.977039770397704,0.9193672839506173,0.947326575233552
42,correto,P-correto,VP,1,1,0.977039770397704,0.9193672839506173,0.947326575233552
36,incorreto,P-incorreto,VN,0,0,0.977039770397704,0.9193672839506173,0.947326575233552
42,correto,P-correto,VP,1,1,0.977039770397704,0.9193672839506173,0.947326575233552
42,correto,P-correto,VP,1,1,0.977039770397704,0.9193672839506173,0.947326575233552
42,correto,P-correto,VP,1,1,0.977039770397704,0.9193672839506173,0.947326575233552
42,correto,P-correto,VP,1,1,0.977039770397704,0.9193672839506173,0.947326575233552
42,correto,P-correto,VP,1,1,0.977039770397704,0.9193672839506173,0.947326575233552
42,correto,P-correto,VP,1,1,0.977039770397704,0.9193672839506173,0.947326575233552
42,correto,P-correto,VP,1,1,0.977039770397704,0.9193672839506173,0.947326575233552
42,correto,P-correto,VP,1,1,0.977039770397704,0.9193672839506173,0.947326575233552
42,correto,P-correto,VP,1,1,0.977039770397704,0.9193672839506173,0.947326575233552
42,correto,P-correto,VP,1,1,0.977039770397704,0.9193672839506173,0.947326575233552
42,correto,P-correto,VP,1,1,0.977039770397704,0.9193672839506173,0.947326575233552
42,correto,P-incorreto,FP,1,0,0.977039770397704,0.9193672839506173,0.947326575233552
42,correto,P-correto,VP,1,1,0.977039770397704,0.9193672839506173,0.947326575233552
42,correto,P-correto,VP,1,1,0.977039770397704,0.9193672839506173,0.947326575233552
42,correto,P-correto,VP,1,1,0.977039770397704,0.9193672839506173,0.947326575233552
42,correto,P-correto,VP,1,1,0.977039770397704,0.9193672839506173,0.947326575233552
42,correto,P-correto,VP,1,1,0.977039770397704,0.9193672839506173,0.947326575233552
42,correto,P-correto,VP,1,1,0.977039770397704,0.9193672839506173,0.947326575233552
42,correto,P-correto,VP,1,1,0.977039770397704,0.9193672839506173,0.947326575233552
42,correto,P-correto,VP,1,1,0.977039770397704,0.9193672839506173,0.947326575233552
42,correto,P-correto,VP,1,1,0.977039770397704,0.9193672839506173,0.947326575233552
42,correto,P-correto,VP,1,1,0.977039770397704,0.9193672839506173,0.947326575233552
42,correto,P-correto,VP,1,1,0.977039770397704,0.9193672839506173,0.947326575233552
42,correto,P-correto,VP,1,1,0.977039770397704,0.9193672839506173,0.947326575233552
42,correto,P-incorreto,FP,1,0,0.977039770397704,0.9193672839506173,0.947326575233552
42,correto,P-correto,VP,1,1,0.977039770397704,0.9193672839506173,0.947326575233552
42,correto,P-correto,VP,1,1,0.977039770397704,0.9193672839506173,0.947326575233552
42,correto,P-correto,VP,1,1,0.977039770397704,0.9193672839506173,0.947326575233552
42,correto,P-correto,VP,1,1,0.977039770397704,0.9193672839506173,0.947326575233552
39,incorreto,P-correto,FN,0,1,0.977039770397704,0.9193672839506173,0.947326575233552
42,correto,P-correto,VP,1,1,0.977039770397704,0.9193672839506173,0.947326575233552
42,correto,P-correto,VP,1,1,0.977039770397704,0.9193672839506173,0.947326575233552
42,correto,P-correto,VP,1,1,0.977039770397704,0.9193672839506173,0.947326575233552
42,correto,P-correto,VP,1,1,0.977039770397704,0.9193672839506173,0.947326575233552
42,correto,P-incorreto,FP,1,0,0.977039770397704,0.9193672839506173,0.947326575233552
52,incorreto,P-incorreto,VN,0,0,0.977039770397704,0.9193672839506173,0.947326575233552
42,correto,P-correto,VP,1,1,0.977039770397704,0.9193672839506173,0.947326575233552
42,correto,P-correto,VP,1,1,0.977039770397704,0.9193672839506173,0.947326575233552
42,correto,P-correto,VP,1,1,0.977039770397704,0.9193672839506173,0.947326575233552
42,correto,P-correto,VP,1,1,0.977039770397704,0.9193672839506173,0.947326575233552
42,correto,P-correto,VP,1,1,0.977039770397704,0.9193672839506173,0.947326575233552
42,correto,P-correto,VP,1,1,0.977039770397704,0.9193672839506173,0.947326575233552
42,correto,P-correto,VP,1,1,0.977039770397704,0.9193672839506173,0.947326575233552
42,correto,P-incorreto,FP,1,0,0.977039770397704,0.9193672839506173,0.947326575233552
42,correto,P-correto,VP,1,1,0.977039770397704,0.9193672839506173,0.947326575233552
42,correto,P-correto,VP,1,1,0.977039770397704,0.9193672839506173,0.947326575233552
33,incorreto,P-incorreto,VN,0,0,0.977039770397704,0.9193672839506173,0.947326575233552
42,correto,P-correto,VP,1,1,0.977039770397704,0.9193672839506173,0.947326575233552
50,incorreto,P-incorreto,VN,0,0,0.977039770397704,0.9193672839506173,0.947326575233552
42,correto,P-correto,VP,1,1,0.977039770397704,0.9193672839506173,0.947326575233552
42,incorreto,P-correto,FN,0,1,0.977039770397704,0.9193672839506173,0.947326575233552
42,correto,P-correto,VP,1,1,0.977039770397704,0.9193672839506173,0.947326575233552
42,correto,P-correto,VP,1,1,0.977039770397704,0.9193672839506173,0.947326575233552
42,correto,P-correto,VP,1,1,0.977039770397704,0.9193672839506173,0.947326575233552
42,correto,P-correto,VP,1,1,0.977039770397704,0.9193672839506173,0.947326575233552
42,correto,P-correto,VP,1,1,0.977039770397704,0.9193672839506173,0.947326575233552
42,correto,P-correto,VP,1,1,0.977039770397704,0.9193672839506173,0.947326575233552
42,correto,P-correto,VP,1,1,0.977039770397704,0.9193672839506173,0.947326575233552
44,incorreto,P-incorreto,VN,0,0,0.977039770397704,0.9193672839506173,0.947326575233552
42,correto,P-correto,VP,1,1,0.977039770397704,0.9193672839506173,0.947326575233552
42,correto,P-correto,VP,1,1,0.977039770397704,0.9193672839506173,0.947326575233552
42,correto,P-incorreto,FP,1,0,0.977039770397704,0.9193672839506173,0.947326575233552
42,correto,P-incorreto,FP,1,0,0.977039770397704,0.9193672839506173,0.947326575233552
42,correto,P-correto,VP,1,1,0.977039770397704,0.9193672839506173,0.947326575233552
42,correto,P-correto,VP,1,1,0.977039770397704,0.9193672839506173,0.947326575233552
42,correto,P-correto,VP,1,1,0.977039770397704,0.9193672839506173,0.947326575233552
42,correto,P-correto,VP,1,1,0.977039770397704,0.9193672839506173,0.947326575233552
42,correto,P-correto,VP,1,1,0.977039770397704,0.9193672839506173,0.947326575233552
42,correto,P-correto,VP,1,1,0.977039770397704,0.9193672839506173,0.947326575233552
42,correto,P-correto,VP,1,1,0.977039770397704,0.9193672839506173,0.947326575233552
42,correto,P-correto,VP,1,1,0.977039770397704,0.9193672839506173,0.947326575233552
42,correto,P-correto,VP,1,1,0.977039770397704,0.9193672839506173,0.947326575233552
42,correto,P-correto,VP,1,1,0.977039770397704,0.9193672839506173,0.947326575233552
42,correto,P-correto,VP,1,1,0.977039770397704,0.9193672839506173,0.947326575233552
42,correto,P-correto,VP,1,1,0.977039770397704,0.9193672839506173,0.947326575233552
42,correto,P-correto,VP,1,1,0.977039770397704,0.9193672839506173,0.947326575233552
42,correto,P-correto,VP,1,1,0.977039770397704,0.9193672839506173,0.947326575233552
42,correto,P-correto,VP,1,1,0.977039770397704,0.9193672839506173,0.947326575233552
42,correto,P-correto,VP,1,1,0.977039770397704,0.9193672839506173,0.947326575233552
42,correto,P-correto,VP,1,1,0.977039770397704,0.9193672839506173,0.947326575233552
34,incorreto,P-incorreto,VN,0,0,0.977039770397704,0.9193672839506173,0.947326575233552
42,correto,P-correto,VP,1,1,0.977039770397704,0.9193672839506173,0.947326575233552
42,correto,P-correto,VP,1,1,0.977039770397704,0.9193672839506173,0.947326575233552
42,correto,P-correto,VP,1,1,0.977039770397704,0.9193672839506173,0.947326575233552
31,incorreto,P-incorreto,VN,0,0,0.977039770397704,0.9193672839506173,0.947326575233552
42,correto,P-correto,VP,1,1,0.977039770397704,0.9193672839506173,0.947326575233552
42,correto,P-correto,VP,1,1,0.977039770397704,0.9193672839506173,0.947326575233552
42,correto,P-correto,VP,1,1,0.977039770397704,0.9193672839506173,0.947326575233552
42,correto,P-correto,VP,1,1,0.977039770397704,0.9193672839506173,0.947326575233552
42,correto,P-correto,VP,1,1,0.977039770397704,0.9193672839506173,0.947326575233552
42,correto,P-correto,VP,1,1,0.977039770397704,0.9193672839506173,0.947326575233552
42,correto,P-correto,VP,1,1,0.977039770397704,0.9193672839506173,0.947326575233552
42,correto,P-correto,VP,1,1,0.977039770397704,0.9193672839506173,0.947326575233552
42,correto,P-correto,VP,1,1,0.977039770397704,0.9193672839506173,0.947326575233552
42,correto,P-correto,VP,1,1,0.977039770397704,0.9193672839506173,0.947326575233552
42,correto,P-correto,VP,1,1,0.977039770397704,0.9193672839506173,0.947326575233552
42,correto,P-correto,VP,1,1,0.977039770397704,0.9193672839506173,0.947326575233552
42,correto,P-correto,VP,1,1,0.977039770397704,0.9193672839506173,0.947326575233552
42,correto,P-correto,VP,1,1,0.977039770397704,0.9193672839506173,0.947326575233552
42,correto,P-correto,VP,1,1,0.977039770397704,0.9193672839506173,0.947326575233552
42,correto,P-correto,VP,1,1,0.977039770397704,0.9193672839506173,0.947326575233552
42,correto,P-correto,VP,1,1,0.977039770397704,0.9193672839506173,0.947326575233552
42,correto,P-correto,VP,1,1,0.977039770397704,0.9193672839506173,0.947326575233552
54,incorreto,P-incorreto,VN,0,0,0.977039770397704,0.9193672839506173,0.947326575233552
42,correto,P-correto,VP,1,1,0.977039770397704,0.9193672839506173,0.947326575233552
42,correto,P-correto,VP,1,1,0.977039770397704,0.9193672839506173,0.947326575233552
35,incorreto,P-incorreto,VN,0,0,0.977039770397704,0.9193672839506173,0.947326575233552
42,correto,P-correto,VP,1,1,0.977039770397704,0.9193672839506173,0.947326575233552
42,correto,P-incorreto,FP,1,0,0.977039770397704,0.9193672839506173,0.947326575233552
42,correto,P-correto,VP,1,1,0.977039770397704,0.9193672839506173,0.947326575233552
37,incorreto,P-incorreto,VN,0,0,0.977039770397704,0.9193672839506173,0.947326575233552
42,correto,P-correto,VP,1,1,0.977039770397704,0.9193672839506173,0.947326575233552
42,correto,P-correto,VP,1,1,0.977039770397704,0.9193672839506173,0.947326575233552
42,correto,P-correto,VP,1,1,0.977039770397704,0.9193672839506173,0.947326575233552
42,correto,P-incorreto,FP,1,0,0.977039770397704,0.9193672839506173,0.947326575233552
42,correto,P-correto,VP,1,1,0.977039770397704,0.9193672839506173,0.947326575233552
42,correto,P-incorreto,FP,1,0,0.977039770397704,0.9193672839506173,0.947326575233552
42,correto,P-correto,VP,1,1,0.977039770397704,0.9193672839506173,0.947326575233552
42,correto,P-correto,VP,1,1,0.977039770397704,0.9193672839506173,0.947326575233552
53,incorreto,P-incorreto,VN,0,0,0.977039770397704,0.9193672839506173,0.947326575233552
42,correto,P-correto,VP,1,1,0.977039770397704,0.9193672839506173,0.947326575233552
42,correto,P-correto,VP,1,1,0.977039770397704,0.9193672839506173,0.947326575233552
42,correto,P-correto,VP,1,1,0.977039770397704,0.9193672839506173,0.947326575233552
42,correto,P-correto,VP,1,1,0.977039770397704,0.9193672839506173,0.947326575233552
42,correto,P-correto,VP,1,1,0.977039770397704,0.9193672839506173,0.947326575233552
42,correto,P-correto,VP,1,1,0.977039770397704,0.9193672839506173,0.947326575233552
42,correto,P-correto,VP,1,1,0.977039770397704,0.9193672839506173,0.947326575233552
42,correto,P-incorreto,FP,1,0,0.977039770397704,0.9193672839506173,0.947326575233552
42,correto,P-correto,VP,1,1,0.977039770397704,0.9193672839506173,0.947326575233552
42,correto,P-correto,VP,1,1,0.977039770397704,0.9193672839506173,0.947326575233552
42,correto,P-correto,VP,1,1,0.977039770397704,0.9193672839506173,0.947326575233552
27,incorreto,P-incorreto,VN,0,0,0.977039770397704,0.9193672839506173,0.947326575233552
38,incorreto,P-incorreto,VN,0,0,0.977039770397704,0.9193672839506173,0.947326575233552
42,correto,P-correto,VP,1,1,0.977039770397704,0.9193672839506173,0.947326575233552
42,correto,P-correto,VP,1,1,0.977039770397704,0.9193672839506173,0.947326575233552
42,correto,P-correto,VP,1,1,0.977039770397704,0.9193672839506173,0.947326575233552
42,correto,P-correto,VP,1,1,0.977039770397704,0.9193672839506173,0.947326575233552
42,correto,P-correto,VP,1,1,0.977039770397704,0.9193672839506173,0.947326575233552
42,correto,P-incorreto,FP,1,0,0.977039770397704,0.9193672839506173,0.947326575233552
42,correto,P-correto,VP,1,1,0.977039770397704,0.9193672839506173,0.947326575233552
42,correto,P-correto,VP,1,1,0.977039770397704,0.9193672839506173,0.947326575233552
42,correto,P-correto,VP,1,1,0.977039770397704,0.9193672839506173,0.947326575233552
42,correto,P-correto,VP,1,1,0.977039770397704,0.9193672839506173,0.947326575233552
42,correto,P-correto,VP,1,1,0.977039770397704,0.9193672839506173,0.947326575233552
42,correto,P-correto,VP,1,1,0.977039770397704,0.9193672839506173,0.947326575233552
42,correto,P-correto,VP,1,1,0.977039770397704,0.9193672839506173,0.947326575233552
42,correto,P-correto,VP,1,1,0.977039770397704,0.9193672839506173,0.947326575233552
42,correto,P-correto,VP,1,1,0.977039770397704,0.9193672839506173,0.947326575233552
42,correto,P-correto,VP,1,1,0.977039770397704,0.9193672839506173,0.947326575233552
42,correto,P-correto,VP,1,1,0.977039770397704,0.9193672839506173,0.947326575233552
42,correto,P-correto,VP,1,1,0.977039770397704,0.9193672839506173,0.947326575233552
42,correto,P-correto,VP,1,1,0.977039770397704,0.9193672839506173,0.947326575233552
42,correto,P-incorreto,FP,1,0,0.977039770397704,0.9193672839506173,0.947326575233552
42,correto,P-correto,VP,1,1,0.977039770397704,0.9193672839506173,0.947326575233552
42,correto,P-correto,VP,1,1,0.977039770397704,0.9193672839506173,0.947326575233552
42,correto,P-correto,VP,1,1,0.977039770397704,0.9193672839506173,0.947326575233552
42,incorreto,P-correto,FN,0,1,0.977039770397704,0.9193672839506173,0.947326575233552
42,correto,P-correto,VP,1,1,0.977039770397704,0.9193672839506173,0.947326575233552
42,correto,P-correto,VP,1,1,0.977039770397704,0.9193672839506173,0.947326575233552
35,incorreto,P-incorreto,VN,0,0,0.977039770397704,0.9193672839506173,0.947326575233552
37,incorreto,P-incorreto,VN,0,0,0.977039770397704,0.9193672839506173,0.947326575233552
42,correto,P-correto,VP,1,1,0.977039770397704,0.9193672839506173,0.947326575233552
42,correto,P-correto,VP,1,1,0.977039770397704,0.9193672839506173,0.947326575233552
42,correto,P-correto,VP,1,1,0.977039770397704,0.9193672839506173,0.947326575233552
42,correto,P-correto,VP,1,1,0.977039770397704,0.9193672839506173,0.947326575233552
42,correto,P-correto,VP,1,1,0.977039770397704,0.9193672839506173,0.947326575233552
42,correto,P-correto,VP,1,1,0.977039770397704,0.9193672839506173,0.947326575233552
42,correto,P-correto,VP,1,1,0.977039770397704,0.9193672839506173,0.947326575233552
42,correto,P-correto,VP,1,1,0.977039770397704,0.9193672839506173,0.947326575233552
42,correto,P-correto,VP,1,1,0.977039770397704,0.9193672839506173,0.947326575233552
42,correto,P-correto,VP,1,1,0.977039770397704,0.9193672839506173,0.947326575233552
42,correto,P-correto,VP,1,1,0.977039770397704,0.9193672839506173,0.947326575233552
42,correto,P-correto,VP,1,1,0.977039770397704,0.9193672839506173,0.947326575233552
42,correto,P-correto,VP,1,1,0.977039770397704,0.9193672839506173,0.947326575233552
42,correto,P-correto,VP,1,1,0.977039770397704,0.9193672839506173,0.947326575233552
42,correto,P-correto,VP,1,1,0.977039770397704,0.9193672839506173,0.947326575233552
42,correto,P-correto,VP,1,1,0.977039770397704,0.9193672839506173,0.947326575233552
42,correto,P-correto,VP,1,1,0.977039770397704,0.9193672839506173,0.947326575233552
42,correto,P-correto,VP,1,1,0.977039770397704,0.9193672839506173,0.947326575233552
42,correto,P-incorreto,FP,1,0,0.977039770397704,0.9193672839506173,0.947326575233552
42,correto,P-correto,VP,1,1,0.977039770397704,0.9193672839506173,0.947326575233552
42,correto,P-correto,VP,1,1,0.977039770397704,0.9193672839506173,0.947326575233552
42,correto,P-correto,VP,1,1,0.977039770397704,0.9193672839506173,0.947326575233552
42,correto,P-incorreto,FP,1,0,0.977039770397704,0.9193672839506173,0.947326575233552
42,correto,P-correto,VP,1,1,0.977039770397704,0.9193672839506173,0.947326575233552
42,correto,P-correto,VP,1,1,0.977039770397704,0.9193672839506173,0.947326575233552
42,correto,P-correto,VP,1,1,0.977039770397704,0.9193672839506173,0.947326575233552
42,correto,P-correto,VP,1,1,0.977039770397704,0.9193672839506173,0.947326575233552
42,correto,P-correto,VP,1,1,0.977039770397704,0.9193672839506173,0.947326575233552
42,correto,P-correto,VP,1,1,0.977039770397704,0.9193672839506173,0.947326575233552
42,correto,P-correto,VP,1,1,0.977039770397704,0.9193672839506173,0.947326575233552
42,correto,P-correto,VP,1,1,0.977039770397704,0.9193672839506173,0.947326575233552
42,correto,P-correto,VP,1,1,0.977039770397704,0.9193672839506173,0.947326575233552
42,correto,P-correto,VP,1,1,0.977039770397704,0.9193672839506173,0.947326575233552
42,correto,P-correto,VP,1,1,0.977039770397704,0.9193672839506173,0.947326575233552
42,correto,P-incorreto,FP,1,0,0.977039770397704,0.9193672839506173,0.947326575233552
42,correto,P-correto,VP,1,1,0.977039770397704,0.9193672839506173,0.947326575233552
42,correto,P-correto,VP,1,1,0.977039770397704,0.9193672839506173,0.947326575233552
42,correto,P-correto,VP,1,1,0.977039770397704,0.9193672839506173,0.947326575233552
42,correto,P-correto,VP,1,1,0.977039770397704,0.9193672839506173,0.947326575233552
42,correto,P-correto,VP,1,1,0.977039770397704,0.9193672839506173,0.947326575233552
42,correto,P-correto,VP,1,1,0.977039770397704,0.9193672839506173,0.947326575233552
42,correto,P-correto,VP,1,1,0.977039770397704,0.9193672839506173,0.947326575233552
42,correto,P-correto,VP,1,1,0.977039770397704,0.9193672839506173,0.947326575233552
42,correto,P-correto,VP,1,1,0.977039770397704,0.9193672839506173,0.947326575233552
42,correto,P-correto,VP,1,1,0.977039770397704,0.9193672839506173,0.947326575233552
42,correto,P-correto,VP,1,1,0.977039770397704,0.9193672839506173,0.947326575233552
42,correto,P-correto,VP,1,1,0.977039770397704,0.9193672839506173,0.947326575233552
42,correto,P-correto,VP,1,1,0.977039770397704,0.9193672839506173,0.947326575233552
42,correto,P-incorreto,FP,1,0,0.977039770397704,0.9193672839506173,0.947326575233552
42,correto,P-correto,VP,1,1,0.977039770397704,0.9193672839506173,0.947326575233552
42,correto,P-correto,VP,1,1,0.977039770397704,0.9193672839506173,0.947326575233552
46,incorreto,P-incorreto,VN,0,0,0.977039770397704,0.9193672839506173,0.947326575233552
47,incorreto,P-incorreto,VN,0,0,0.977039770397704,0.9193672839506173,0.947326575233552
42,correto,P-correto,VP,1,1,0.977039770397704,0.9193672839506173,0.947326575233552
42,correto,P-correto,VP,1,1,0.977039770397704,0.9193672839506173,0.947326575233552
42,correto,P-correto,VP,1,1,0.977039770397704,0.9193672839506173,0.947326575233552
42,correto,P-correto,VP,1,1,0.977039770397704,0.9193672839506173,0.947326575233552
42,correto,P-correto,VP,1,1,0.977039770397704,0.9193672839506173,0.947326575233552
42,correto,P-correto,VP,1,1,0.977039770397704,0.9193672839506173,0.947326575233552
42,correto,P-correto,VP,1,1,0.977039770397704,0.9193672839506173,0.947326575233552
42,correto,P-correto,VP,1,1,0.977039770397704,0.9193672839506173,0.947326575233552
42,correto,P-correto,VP,1,1,0.977039770397704,0.9193672839506173,0.947326575233552
42,correto,P-correto,VP,1,1,0.977039770397704,0.9193672839506173,0.947326575233552
42,correto,P-correto,VP,1,1,0.977039770397704,0.9193672839506173,0.947326575233552
42,correto,P-correto,VP,1,1,0.977039770397704,0.9193672839506173,0.947326575233552
42,correto,P-correto,VP,1,1,0.977039770397704,0.9193672839506173,0.947326575233552
42,correto,P-correto,VP,1,1,0.977039770397704,0.9193672839506173,0.947326575233552
51,incorreto,P-incorreto,VN,0,0,0.977039770397704,0.9193672839506173,0.947326575233552
42,correto,P-correto,VP,1,1,0.977039770397704,0.9193672839506173,0.947326575233552
42,correto,P-correto,VP,1,1,0.977039770397704,0.9193672839506173,0.947326575233552
42,correto,P-correto,VP,1,1,0.977039770397704,0.9193672839506173,0.947326575233552
42,correto,P-correto,VP,1,1,0.977039770397704,0.9193672839506173,0.947326575233552
42,correto,P-incorreto,FP,1,0,0.977039770397704,0.9193672839506173,0.947326575233552
42,correto,P-correto,VP,1,1,0.977039770397704,0.9193672839506173,0.947326575233552
42,correto,P-correto,VP,1,1,0.977039770397704,0.9193672839506173,0.947326575233552
42,correto,P-correto,VP,1,1,0.977039770397704,0.9193672839506173,0.947326575233552
42,correto,P-correto,VP,1,1,0.977039770397704,0.9193672839506173,0.947326575233552
42,correto,P-correto,VP,1,1,0.977039770397704,0.9193672839506173,0.947326575233552
42,correto,P-correto,VP,1,1,0.977039770397704,0.9193672839506173,0.947326575233552
42,correto,P-correto,VP,1,1,0.977039770397704,0.9193672839506173,0.947326575233552
42,correto,P-correto,VP,1,1,0.977039770397704,0.9193672839506173,0.947326575233552
42,correto,P-correto,VP,1,1,0.977039770397704,0.9193672839506173,0.947326575233552
42,correto,P-correto,VP,1,1,0.977039770397704,0.9193672839506173,0.947326575233552
42,correto,P-correto,VP,1,1,0.977039770397704,0.9193672839506173,0.947326575233552
42,correto,P-correto,VP,1,1,0.977039770397704,0.9193672839506173,0.947326575233552
42,correto,P-correto,VP,1,1,0.977039770397704,0.9193672839506173,0.947326575233552
42,correto,P-correto,VP,1,1,0.977039770397704,0.9193672839506173,0.947326575233552
42,correto,P-correto,VP,1,1,0.977039770397704,0.9193672839506173,0.947326575233552
42,correto,P-correto,VP,1,1,0.977039770397704,0.9193672839506173,0.947326575233552
42,correto,P-correto,VP,1,1,0.977039770397704,0.9193672839506173,0.947326575233552
52,incorreto,P-incorreto,VN,0,0,0.977039770397704,0.9193672839506173,0.947326575233552
42,correto,P-correto,VP,1,1,0.977039770397704,0.9193672839506173,0.947326575233552
42,correto,P-correto,VP,1,1,0.977039770397704,0.9193672839506173,0.947326575233552
42,correto,P-incorreto,FP,1,0,0.977039770397704,0.9193672839506173,0.947326575233552
42,correto,P-correto,VP,1,1,0.977039770397704,0.9193672839506173,0.947326575233552
42,correto,P-correto,VP,1,1,0.977039770397704,0.9193672839506173,0.947326575233552
42,correto,P-incorreto,FP,1,0,0.977039770397704,0.9193672839506173,0.947326575233552
42,correto,P-correto,VP,1,1,0.977039770397704,0.9193672839506173,0.947326575233552
42,correto,P-correto,VP,1,1,0.977039770397704,0.9193672839506173,0.947326575233552
42,correto,P-correto,VP,1,1,0.977039770397704,0.9193672839506173,0.947326575233552
42,correto,P-incorreto,FP,1,0,0.977039770397704,0.9193672839506173,0.947326575233552
42,correto,P-correto,VP,1,1,0.977039770397704,0.9193672839506173,0.947326575233552
42,correto,P-correto,VP,1,1,0.977039770397704,0.9193672839506173,0.947326575233552
42,correto,P-correto,VP,1,1,0.977039770397704,0.9193672839506173,0.947326575233552
42,correto,P-correto,VP,1,1,0.977039770397704,0.9193672839506173,0.947326575233552
42,correto,P-correto,VP,1,1,0.977039770397704,0.9193672839506173,0.947326575233552
42,correto,P-correto,VP,1,1,0.977039770397704,0.9193672839506173,0.947326575233552
42,correto,P-incorreto,FP,1,0,0.977039770397704,0.9193672839506173,0.947326575233552
42,correto,P-correto,VP,1,1,0.977039770397704,0.9193672839506173,0.947326575233552
42,correto,P-correto,VP,1,1,0.977039770397704,0.9193672839506173,0.947326575233552
42,correto,P-correto,VP,1,1,0.977039770397704,0.9193672839506173,0.947326575233552
42,correto,P-correto,VP,1,1,0.977039770397704,0.9193672839506173,0.947326575233552
42,correto,P-correto,VP,1,1,0.977039770397704,0.9193672839506173,0.947326575233552
42,correto,P-correto,VP,1,1,0.977039770397704,0.9193672839506173,0.947326575233552
42,correto,P-correto,VP,1,1,0.977039770397704,0.9193672839506173,0.947326575233552
42,incorreto,P-correto,FN,0,1,0.977039770397704,0.9193672839506173,0.947326575233552
42,correto,P-correto,VP,1,1,0.977039770397704,0.9193672839506173,0.947326575233552
42,correto,P-correto,VP,1,1,0.977039770397704,0.9193672839506173,0.947326575233552
42,correto,P-correto,VP,1,1,0.977039770397704,0.9193672839506173,0.947326575233552
42,correto,P-correto,VP,1,1,0.977039770397704,0.9193672839506173,0.947326575233552
42,correto,P-correto,VP,1,1,0.977039770397704,0.9193672839506173,0.947326575233552
42,correto,P-correto,VP,1,1,0.977039770397704,0.9193672839506173,0.947326575233552
42,correto,P-correto,VP,1,1,0.977039770397704,0.9193672839506173,0.947326575233552
42,correto,P-correto,VP,1,1,0.977039770397704,0.9193672839506173,0.947326575233552
42,correto,P-correto,VP,1,1,0.977039770397704,0.9193672839506173,0.947326575233552
42,correto,P-correto,VP,1,1,0.977039770397704,0.9193672839506173,0.947326575233552
42,correto,P-correto,VP,1,1,0.977039770397704,0.9193672839506173,0.947326575233552
37,incorreto,P-incorreto,VN,0,0,0.977039770397704,0.9193672839506173,0.947326575233552
42,correto,P-correto,VP,1,1,0.977039770397704,0.9193672839506173,0.947326575233552
42,correto,P-correto,VP,1,1,0.977039770397704,0.9193672839506173,0.947326575233552
42,correto,P-correto,VP,1,1,0.977039770397704,0.9193672839506173,0.947326575233552
42,correto,P-correto,VP,1,1,0.977039770397704,0.9193672839506173,0.947326575233552
42,correto,P-correto,VP,1,1,0.977039770397704,0.9193672839506173,0.947326575233552
42,correto,P-correto,VP,1,1,0.977039770397704,0.9193672839506173,0.947326575233552
42,correto,P-correto,VP,1,1,0.977039770397704,0.9193672839506173,0.947326575233552
42,correto,P-correto,VP,1,1,0.977039770397704,0.9193672839506173,0.947326575233552
42,correto,P-correto,VP,1,1,0.977039770397704,0.9193672839506173,0.947326575233552
42,correto,P-correto,VP,1,1,0.977039770397704,0.9193672839506173,0.947326575233552
42,correto,P-correto,VP,1,1,0.977039770397704,0.9193672839506173,0.947326575233552
39,incorreto,P-correto,FN,0,1,0.977039770397704,0.9193672839506173,0.947326575233552
42,correto,P-correto,VP,1,1,0.977039770397704,0.9193672839506173,0.947326575233552
42,correto,P-correto,VP,1,1,0.977039770397704,0.9193672839506173,0.947326575233552
42,correto,P-correto,VP,1,1,0.977039770397704,0.9193672839506173,0.947326575233552
42,correto,P-correto,VP,1,1,0.977039770397704,0.9193672839506173,0.947326575233552
42,correto,P-correto,VP,1,1,0.977039770397704,0.9193672839506173,0.947326575233552
42,correto,P-correto,VP,1,1,0.977039770397704,0.9193672839506173,0.947326575233552
42,correto,P-incorreto,FP,1,0,0.977039770397704,0.9193672839506173,0.947326575233552
42,correto,P-correto,VP,1,1,0.977039770397704,0.9193672839506173,0.947326575233552
42,correto,P-correto,VP,1,1,0.977039770397704,0.9193672839506173,0.947326575233552
42,correto,P-correto,VP,1,1,0.977039770397704,0.9193672839506173,0.947326575233552
42,correto,P-correto,VP,1,1,0.977039770397704,0.9193672839506173,0.947326575233552
42,correto,P-correto,VP,1,1,0.977039770397704,0.9193672839506173,0.947326575233552
41,incorreto,P-correto,FN,0,1,0.977039770397704,0.9193672839506173,0.947326575233552
42,correto,P-correto,VP,1,1,0.977039770397704,0.9193672839506173,0.947326575233552
42,correto,P-incorreto,FP,1,0,0.977039770397704,0.9193672839506173,0.947326575233552
42,correto,P-correto,VP,1,1,0.977039770397704,0.9193672839506173,0.947326575233552
42,correto,P-correto,VP,1,1,0.977039770397704,0.9193672839506173,0.947326575233552
42,correto,P-correto,VP,1,1,0.977039770397704,0.9193672839506173,0.947326575233552
42,correto,P-correto,VP,1,1,0.977039770397704,0.9193672839506173,0.947326575233552
42,correto,P-correto,VP,1,1,0.977039770397704,0.9193672839506173,0.947326575233552
42,correto,P-correto,VP,1,1,0.977039770397704,0.9193672839506173,0.947326575233552
42,correto,P-correto,VP,1,1,0.977039770397704,0.9193672839506173,0.947326575233552
42,correto,P-correto,VP,1,1,0.977039770397704,0.9193672839506173,0.947326575233552
42,correto,P-correto,VP,1,1,0.977039770397704,0.9193672839506173,0.947326575233552
42,correto,P-correto,VP,1,1,0.977039770397704,0.9193672839506173,0.947326575233552
57,incorreto,P-incorreto,VN,0,0,0.977039770397704,0.9193672839506173,0.947326575233552
42,correto,P-correto,VP,1,1,0.977039770397704,0.9193672839506173,0.947326575233552
42,correto,P-correto,VP,1,1,0.977039770397704,0.9193672839506173,0.947326575233552
42,correto,P-correto,VP,1,1,0.977039770397704,0.9193672839506173,0.947326575233552
42,correto,P-correto,VP,1,1,0.977039770397704,0.9193672839506173,0.947326575233552
42,correto,P-correto,VP,1,1,0.977039770397704,0.9193672839506173,0.947326575233552
42,correto,P-correto,VP,1,1,0.977039770397704,0.9193672839506173,0.947326575233552
42,correto,P-correto,VP,1,1,0.977039770397704,0.9193672839506173,0.947326575233552
42,correto,P-correto,VP,1,1,0.977039770397704,0.9193672839506173,0.947326575233552
42,correto,P-correto,VP,1,1,0.977039770397704,0.9193672839506173,0.947326575233552
42,correto,P-correto,VP,1,1,0.977039770397704,0.9193672839506173,0.947326575233552
42,correto,P-correto,VP,1,1,0.977039770397704,0.9193672839506173,0.947326575233552
42,correto,P-correto,VP,1,1,0.977039770397704,0.9193672839506173,0.947326575233552
42,correto,P-correto,VP,1,1,0.977039770397704,0.9193672839506173,0.947326575233552
42,correto,P-correto,VP,1,1,0.977039770397704,0.9193672839506173,0.947326575233552
42,correto,P-correto,VP,1,1,0.977039770397704,0.9193672839506173,0.947326575233552
42,correto,P-correto,VP,1,1,0.977039770397704,0.9193672839506173,0.947326575233552
35,incorreto,P-incorreto,VN,0,0,0.977039770397704,0.9193672839506173,0.947326575233552
42,correto,P-correto,VP,1,1,0.977039770397704,0.9193672839506173,0.947326575233552
46,incorreto,P-incorreto,VN,0,0,0.977039770397704,0.9193672839506173,0.947326575233552
49,incorreto,P-incorreto,VN,0,0,0.977039770397704,0.9193672839506173,0.947326575233552
42,correto,P-incorreto,FP,1,0,0.977039770397704,0.9193672839506173,0.947326575233552
42,correto,P-correto,VP,1,1,0.977039770397704,0.9193672839506173,0.947326575233552
42,correto,P-correto,VP,1,1,0.977039770397704,0.9193672839506173,0.947326575233552
42,correto,P-correto,VP,1,1,0.977039770397704,0.9193672839506173,0.947326575233552
42,correto,P-correto,VP,1,1,0.977039770397704,0.9193672839506173,0.947326575233552
42,correto,P-correto,VP,1,1,0.977039770397704,0.9193672839506173,0.947326575233552
42,correto,P-incorreto,FP,1,0,0.977039770397704,0.9193672839506173,0.947326575233552
42,correto,P-correto,VP,1,1,0.977039770397704,0.9193672839506173,0.947326575233552
42,correto,P-correto,VP,1,1,0.977039770397704,0.9193672839506173,0.947326575233552
42,correto,P-correto,VP,1,1,0.977039770397704,0.9193672839506173,0.947326575233552
42,correto,P-incorreto,FP,1,0,0.977039770397704,0.9193672839506173,0.947326575233552
42,correto,P-correto,VP,1,1,0.977039770397704,0.9193672839506173,0.947326575233552
42,correto,P-correto,VP,1,1,0.977039770397704,0.9193672839506173,0.947326575233552
42,correto,P-correto,VP,1,1,0.977039770397704,0.9193672839506173,0.947326575233552
42,correto,P-correto,VP,1,1,0.977039770397704,0.9193672839506173,0.947326575233552
42,correto,P-correto,VP,1,1,0.977039770397704,0.9193672839506173,0.947326575233552
42,correto,P-correto,VP,1,1,0.977039770397704,0.9193672839506173,0.947326575233552
42,correto,P-correto,VP,1,1,0.977039770397704,0.9193672839506173,0.947326575233552
42,correto,P-correto,VP,1,1,0.977039770397704,0.9193672839506173,0.947326575233552
42,correto,P-correto,VP,1,1,0.977039770397704,0.9193672839506173,0.947326575233552
42,correto,P-correto,VP,1,1,0.977039770397704,0.9193672839506173,0.947326575233552
42,correto,P-correto,VP,1,1,0.977039770397704,0.9193672839506173,0.947326575233552
42,correto,P-incorreto,FP,1,0,0.977039770397704,0.9193672839506173,0.947326575233552
42,correto,P-correto,VP,1,1,0.977039770397704,0.9193672839506173,0.947326575233552
42,correto,P-correto,VP,1,1,0.977039770397704,0.9193672839506173,0.947326575233552
42,incorreto,P-correto,FN,0,1,0.977039770397704,0.9193672839506173,0.947326575233552
42,correto,P-correto,VP,1,1,0.977039770397704,0.9193672839506173,0.947326575233552
44,incorreto,P-incorreto,VN,0,0,0.977039770397704,0.9193672839506173,0.947326575233552
42,correto,P-correto,VP,1,1,0.977039770397704,0.9193672839506173,0.947326575233552
42,correto,P-correto,VP,1,1,0.977039770397704,0.9193672839506173,0.947326575233552
42,correto,P-correto,VP,1,1,0.977039770397704,0.9193672839506173,0.947326575233552
54,incorreto,P-incorreto,VN,0,0,0.977039770397704,0.9193672839506173,0.947326575233552
42,correto,P-correto,VP,1,1,0.977039770397704,0.9193672839506173,0.947326575233552
42,correto,P-correto,VP,1,1,0.977039770397704,0.9193672839506173,0.947326575233552
42,correto,P-correto,VP,1,1,0.977039770397704,0.9193672839506173,0.947326575233552
42,correto,P-correto,VP,1,1,0.977039770397704,0.9193672839506173,0.947326575233552
42,correto,P-correto,VP,1,1,0.977039770397704,0.9193672839506173,0.947326575233552
42,correto,P-correto,VP,1,1,0.977039770397704,0.9193672839506173,0.947326575233552
42,correto,P-correto,VP,1,1,0.977039770397704,0.9193672839506173,0.947326575233552
42,correto,P-correto,VP,1,1,0.977039770397704,0.9193672839506173,0.947326575233552
36,incorreto,P-correto,FN,0,1,0.977039770397704,0.9193672839506173,0.947326575233552
42,correto,P-correto,VP,1,1,0.977039770397704,0.9193672839506173,0.947326575233552
42,correto,P-incorreto,FP,1,0,0.977039770397704,0.9193672839506173,0.947326575233552
42,correto,P-correto,VP,1,1,0.977039770397704,0.9193672839506173,0.947326575233552
42,correto,P-correto,VP,1,1,0.977039770397704,0.9193672839506173,0.947326575233552
42,correto,P-correto,VP,1,1,0.977039770397704,0.9193672839506173,0.947326575233552
42,correto,P-incorreto,FP,1,0,0.977039770397704,0.9193672839506173,0.947326575233552
42,correto,P-correto,VP,1,1,0.977039770397704,0.9193672839506173,0.947326575233552
42,correto,P-correto,VP,1,1,0.977039770397704,0.9193672839506173,0.947326575233552
42,correto,P-correto,VP,1,1,0.977039770397704,0.9193672839506173,0.947326575233552
42,correto,P-correto,VP,1,1,0.977039770397704,0.9193672839506173,0.947326575233552
42,correto,P-correto,VP,1,1,0.977039770397704,0.9193672839506173,0.947326575233552
42,correto,P-correto,VP,1,1,0.977039770397704,0.9193672839506173,0.947326575233552
42,correto,P-correto,VP,1,1,0.977039770397704,0.9193672839506173,0.947326575233552
42,correto,P-correto,VP,1,1,0.977039770397704,0.9193672839506173,0.947326575233552
42,correto,P-incorreto,FP,1,0,0.977039770397704,0.9193672839506173,0.947326575233552
42,correto,P-correto,VP,1,1,0.977039770397704,0.9193672839506173,0.947326575233552
42,correto,P-correto,VP,1,1,0.977039770397704,0.9193672839506173,0.947326575233552
42,correto,P-correto,VP,1,1,0.977039770397704,0.9193672839506173,0.947326575233552
42,correto,P-correto,VP,1,1,0.977039770397704,0.9193672839506173,0.947326575233552
42,correto,P-correto,VP,1,1,0.977039770397704,0.9193672839506173,0.947326575233552
42,correto,P-correto,VP,1,1,0.977039770397704,0.9193672839506173,0.947326575233552
42,correto,P-correto,VP,1,1,0.977039770397704,0.9193672839506173,0.947326575233552
42,correto,P-correto,VP,1,1,0.977039770397704,0.9193672839506173,0.947326575233552
31,incorreto,P-incorreto,VN,0,0,0.977039770397704,0.9193672839506173,0.947326575233552
42,correto,P-correto,VP,1,1,0.977039770397704,0.9193672839506173,0.947326575233552
42,correto,P-correto,VP,1,1,0.977039770397704,0.9193672839506173,0.947326575233552
42,correto,P-correto,VP,1,1,0.977039770397704,0.9193672839506173,0.947326575233552
42,correto,P-correto,VP,1,1,0.977039770397704,0.9193672839506173,0.947326575233552
42,correto,P-correto,VP,1,1,0.977039770397704,0.9193672839506173,0.947326575233552
42,correto,P-correto,VP,1,1,0.977039770397704,0.9193672839506173,0.947326575233552
42,correto,P-correto,VP,1,1,0.977039770397704,0.9193672839506173,0.947326575233552
42,correto,P-correto,VP,1,1,0.977039770397704,0.9193672839506173,0.947326575233552
51,incorreto,P-incorreto,VN,0,0,0.977039770397704,0.9193672839506173,0.947326575233552
42,correto,P-correto,VP,1,1,0.977039770397704,0.9193672839506173,0.947326575233552
42,correto,P-incorreto,FP,1,0,0.977039770397704,0.9193672839506173,0.947326575233552
42,correto,P-correto,VP,1,1,0.977039770397704,0.9193672839506173,0.947326575233552
42,correto,P-incorreto,FP,1,0,0.977039770397704,0.9193672839506173,0.947326575233552
42,correto,P-correto,VP,1,1,0.977039770397704,0.9193672839506173,0.947326575233552
42,correto,P-correto,VP,1,1,0.977039770397704,0.9193672839506173,0.947326575233552
42,correto,P-correto,VP,1,1,0.977039770397704,0.9193672839506173,0.947326575233552
42,correto,P-correto,VP,1,1,0.977039770397704,0.9193672839506173,0.947326575233552
42,correto,P-correto,VP,1,1,0.977039770397704,0.9193672839506173,0.947326575233552
42,correto,P-correto,VP,1,1,0.977039770397704,0.9193672839506173,0.947326575233552
42,correto,P-correto,VP,1,1,0.977039770397704,0.9193672839506173,0.947326575233552
42,correto,P-correto,VP,1,1,0.977039770397704,0.9193672839506173,0.947326575233552
42,correto,P-correto,VP,1,1,0.977039770397704,0.9193672839506173,0.947326575233552
42,correto,P-correto,VP,1,1,0.977039770397704,0.9193672839506173,0.947326575233552
42,correto,P-correto,VP,1,1,0.977039770397704,0.9193672839506173,0.947326575233552
42,correto,P-correto,VP,1,1,0.977039770397704,0.9193672839506173,0.947326575233552
55,incorreto,P-incorreto,VN,0,0,0.977039770397704,0.9193672839506173,0.947326575233552
42,correto,P-correto,VP,1,1,0.977039770397704,0.9193672839506173,0.947326575233552
42,correto,P-correto,VP,1,1,0.977039770397704,0.9193672839506173,0.947326575233552
42,correto,P-correto,VP,1,1,0.977039770397704,0.9193672839506173,0.947326575233552
30,incorreto,P-incorreto,VN,0,0,0.977039770397704,0.9193672839506173,0.947326575233552
42,correto,P-correto,VP,1,1,0.977039770397704,0.9193672839506173,0.947326575233552
42,correto,P-correto,VP,1,1,0.977039770397704,0.9193672839506173,0.947326575233552
42,correto,P-correto,VP,1,1,0.977039770397704,0.9193672839506173,0.947326575233552
42,correto,P-correto,VP,1,1,0.977039770397704,0.9193672839506173,0.947326575233552
42,correto,P-correto,VP,1,1,0.977039770397704,0.9193672839506173,0.947326575233552
42,correto,P-incorreto,FP,1,0,0.977039770397704,0.9193672839506173,0.947326575233552
62,incorreto,P-incorreto,VN,0,0,0.977039770397704,0.9193672839506173,0.947326575233552
42,correto,P-correto,VP,1,1,0.977039770397704,0.9193672839506173,0.947326575233552
42,correto,P-correto,VP,1,1,0.977039770397704,0.9193672839506173,0.947326575233552
27,incorreto,P-incorreto,VN,0,0,0.977039770397704,0.9193672839506173,0.947326575233552
42,correto,P-correto,VP,1,1,0.977039770397704,0.9193672839506173,0.947326575233552
42,correto,P-correto,VP,1,1,0.977039770397704,0.9193672839506173,0.947326575233552
42,correto,P-correto,VP,1,1,0.977039770397704,0.9193672839506173,0.947326575233552
42,correto,P-correto,VP,1,1,0.977039770397704,0.9193672839506173,0.947326575233552
42,correto,P-correto,VP,1,1,0.977039770397704,0.9193672839506173,0.947326575233552
64,incorreto,P-incorreto,VN,0,0,0.977039770397704,0.9193672839506173,0.947326575233552
42,correto,P-incorreto,FP,1,0,0.977039770397704,0.9193672839506173,0.947326575233552
42,correto,P-correto,VP,1,1,0.977039770397704,0.9193672839506173,0.947326575233552
42,correto,P-correto,VP,1,1,0.977039770397704,0.9193672839506173,0.947326575233552
42,correto,P-correto,VP,1,1,0.977039770397704,0.9193672839506173,0.947326575233552
42,correto,P-correto,VP,1,1,0.977039770397704,0.9193672839506173,0.947326575233552
42,correto,P-correto,VP,1,1,0.977039770397704,0.9193672839506173,0.947326575233552
42,correto,P-correto,VP,1,1,0.977039770397704,0.9193672839506173,0.947326575233552
42,correto,P-correto,VP,1,1,0.977039770397704,0.9193672839506173,0.947326575233552
61,incorreto,P-incorreto,VN,0,0,0.977039770397704,0.9193672839506173,0.947326575233552
42,correto,P-correto,VP,1,1,0.977039770397704,0.9193672839506173,0.947326575233552
42,correto,P-correto,VP,1,1,0.977039770397704,0.9193672839506173,0.947326575233552
43,incorreto,P-correto,FN,0,1,0.977039770397704,0.9193672839506173,0.947326575233552
42,correto,P-correto,VP,1,1,0.977039770397704,0.9193672839506173,0.947326575233552
42,correto,P-correto,VP,1,1,0.977039770397704,0.9193672839506173,0.947326575233552
42,correto,P-correto,VP,1,1,0.977039770397704,0.9193672839506173,0.947326575233552
42,correto,P-correto,VP,1,1,0.977039770397704,0.9193672839506173,0.947326575233552
42,correto,P-incorreto,FP,1,0,0.977039770397704,0.9193672839506173,0.947326575233552
42,correto,P-incorreto,FP,1,0,0.977039770397704,0.9193672839506173,0.947326575233552
42,correto,P-correto,VP,1,1,0.977039770397704,0.9193672839506173,0.947326575233552
42,correto,P-correto,VP,1,1,0.977039770397704,0.9193672839506173,0.947326575233552
42,correto,P-correto,VP,1,1,0.977039770397704,0.9193672839506173,0.947326575233552
42,correto,P-correto,VP,1,1,0.977039770397704,0.9193672839506173,0.947326575233552
31,incorreto,P-incorreto,VN,0,0,0.977039770397704,0.9193672839506173,0.947326575233552
42,correto,P-correto,VP,1,1,0.977039770397704,0.9193672839506173,0.947326575233552
42,correto,P-correto,VP,1,1,0.977039770397704,0.9193672839506173,0.947326575233552
42,correto,P-correto,VP,1,1,0.977039770397704,0.9193672839506173,0.947326575233552
42,correto,P-correto,VP,1,1,0.977039770397704,0.9193672839506173,0.947326575233552
42,correto,P-correto,VP,1,1,0.977039770397704,0.9193672839506173,0.947326575233552
42,correto,P-correto,VP,1,1,0.977039770397704,0.9193672839506173,0.947326575233552
42,correto,P-incorreto,FP,1,0,0.977039770397704,0.9193672839506173,0.947326575233552
42,correto,P-correto,VP,1,1,0.977039770397704,0.9193672839506173,0.947326575233552
42,correto,P-correto,VP,1,1,0.977039770397704,0.9193672839506173,0.947326575233552
42,correto,P-correto,VP,1,1,0.977039770397704,0.9193672839506173,0.947326575233552
42,correto,P-incorreto,FP,1,0,0.977039770397704,0.9193672839506173,0.947326575233552
42,correto,P-correto,VP,1,1,0.977039770397704,0.9193672839506173,0.947326575233552
42,correto,P-correto,VP,1,1,0.977039770397704,0.9193672839506173,0.947326575233552
42,correto,P-correto,VP,1,1,0.977039770397704,0.9193672839506173,0.947326575233552
42,correto,P-incorreto,FP,1,0,0.977039770397704,0.9193672839506173,0.947326575233552
42,correto,P-correto,VP,1,1,0.977039770397704,0.9193672839506173,0.947326575233552
42,correto,P-correto,VP,1,1,0.977039770397704,0.9193672839506173,0.947326575233552
42,correto,P-correto,VP,1,1,0.977039770397704,0.9193672839506173,0.947326575233552
42,correto,P-correto,VP,1,1,0.977039770397704,0.9193672839506173,0.947326575233552
42,correto,P-correto,VP,1,1,0.977039770397704,0.9193672839506173,0.947326575233552
42,correto,P-correto,VP,1,1,0.977039770397704,0.9193672839506173,0.947326575233552
42,correto,P-correto,VP,1,1,0.977039770397704,0.9193672839506173,0.947326575233552
42,correto,P-incorreto,FP,1,0,0.977039770397704,0.9193672839506173,0.947326575233552
42,correto,P-correto,VP,1,1,0.977039770397704,0.9193672839506173,0.947326575233552
42,correto,P-incorreto,FP,1,0,0.977039770397704,0.9193672839506173,0.947326575233552
42,correto,P-correto,VP,1,1,0.977039770397704,0.9193672839506173,0.947326575233552
42,correto,P-correto,VP,1,1,0.977039770397704,0.9193672839506173,0.947326575233552
42,correto,P-correto,VP,1,1,0.977039770397704,0.9193672839506173,0.947326575233552
42,correto,P-correto,VP,1,1,0.977039770397704,0.9193672839506173,0.947326575233552
42,correto,P-correto,VP,1,1,0.977039770397704,0.9193672839506173,0.947326575233552
42,correto,P-correto,VP,1,1,0.977039770397704,0.9193672839506173,0.947326575233552
41,incorreto,P-correto,FN,0,1,0.977039770397704,0.9193672839506173,0.947326575233552
42,correto,P-correto,VP,1,1,0.977039770397704,0.9193672839506173,0.947326575233552
55,incorreto,P-incorreto,VN,0,0,0.977039770397704,0.9193672839506173,0.947326575233552
42,correto,P-correto,VP,1,1,0.977039770397704,0.9193672839506173,0.947326575233552
42,correto,P-correto,VP,1,1,0.977039770397704,0.9193672839506173,0.947326575233552
62,incorreto,P-incorreto,VN,0,0,0.977039770397704,0.9193672839506173,0.947326575233552
42,correto,P-correto,VP,1,1,0.977039770397704,0.9193672839506173,0.947326575233552
42,correto,P-incorreto,FP,1,0,0.977039770397704,0.9193672839506173,0.947326575233552
42,correto,P-correto,VP,1,1,0.977039770397704,0.9193672839506173,0.947326575233552
42,correto,P-correto,VP,1,1,0.977039770397704,0.9193672839506173,0.947326575233552
42,correto,P-correto,VP,1,1,0.977039770397704,0.9193672839506173,0.947326575233552
44,incorreto,P-incorreto,VN,0,0,0.977039770397704,0.9193672839506173,0.947326575233552
42,correto,P-correto,VP,1,1,0.977039770397704,0.9193672839506173,0.947326575233552
42,correto,P-correto,VP,1,1,0.977039770397704,0.9193672839506173,0.947326575233552
42,correto,P-correto,VP,1,1,0.977039770397704,0.9193672839506173,0.947326575233552
42,correto,P-correto,VP,1,1,0.977039770397704,0.9193672839506173,0.947326575233552
38,incorreto,P-incorreto,VN,0,0,0.977039770397704,0.9193672839506173,0.947326575233552
48,incorreto,P-incorreto,VN,0,0,0.977039770397704,0.9193672839506173,0.947326575233552
42,correto,P-correto,VP,1,1,0.977039770397704,0.9193672839506173,0.947326575233552
42,correto,P-correto,VP,1,1,0.977039770397704,0.9193672839506173,0.947326575233552
42,correto,P-correto,VP,1,1,0.977039770397704,0.9193672839506173,0.947326575233552
42,correto,P-incorreto,FP,1,0,0.977039770397704,0.9193672839506173,0.947326575233552
42,correto,P-correto,VP,1,1,0.977039770397704,0.9193672839506173,0.947326575233552
42,correto,P-correto,VP,1,1,0.977039770397704,0.9193672839506173,0.947326575233552
42,correto,P-correto,VP,1,1,0.977039770397704,0.9193672839506173,0.947326575233552
42,correto,P-correto,VP,1,1,0.977039770397704,0.9193672839506173,0.947326575233552
42,correto,P-correto,VP,1,1,0.977039770397704,0.9193672839506173,0.947326575233552
42,correto,P-correto,VP,1,1,0.977039770397704,0.9193672839506173,0.947326575233552
42,correto,P-correto,VP,1,1,0.977039770397704,0.9193672839506173,0.947326575233552
42,correto,P-incorreto,FP,1,0,0.977039770397704,0.9193672839506173,0.947326575233552
42,correto,P-correto,VP,1,1,0.977039770397704,0.9193672839506173,0.947326575233552
42,correto,P-correto,VP,1,1,0.977039770397704,0.9193672839506173,0.947326575233552
42,correto,P-correto,VP,1,1,0.977039770397704,0.9193672839506173,0.947326575233552
42,correto,P-correto,VP,1,1,0.977039770397704,0.9193672839506173,0.947326575233552
42,correto,P-correto,VP,1,1,0.977039770397704,0.9193672839506173,0.947326575233552
42,correto,P-correto,VP,1,1,0.977039770397704,0.9193672839506173,0.947326575233552
42,correto,P-correto,VP,1,1,0.977039770397704,0.9193672839506173,0.947326575233552
51,incorreto,P-incorreto,VN,0,0,0.977039770397704,0.9193672839506173,0.947326575233552
43,incorreto,P-correto,FN,0,1,0.977039770397704,0.9193672839506173,0.947326575233552
42,correto,P-incorreto,FP,1,0,0.977039770397704,0.9193672839506173,0.947326575233552
42,correto,P-correto,VP,1,1,0.977039770397704,0.9193672839506173,0.947326575233552
42,correto,P-correto,VP,1,1,0.977039770397704,0.9193672839506173,0.947326575233552
42,correto,P-correto,VP,1,1,0.977039770397704,0.9193672839506173,0.947326575233552
42,correto,P-correto,VP,1,1,0.977039770397704,0.9193672839506173,0.947326575233552
42,correto,P-incorreto,FP,1,0,0.977039770397704,0.9193672839506173,0.947326575233552
42,correto,P-correto,VP,1,1,0.977039770397704,0.9193672839506173,0.947326575233552
42,correto,P-correto,VP,1,1,0.977039770397704,0.9193672839506173,0.947326575233552
42,correto,P-correto,VP,1,1,0.977039770397704,0.9193672839506173,0.947326575233552
42,correto,P-correto,VP,1,1,0.977039770397704,0.9193672839506173,0.947326575233552
42,correto,P-correto,VP,1,1,0.977039770397704,0.9193672839506173,0.947326575233552
42,correto,P-correto,VP,1,1,0.977039770397704,0.9193672839506173,0.947326575233552
42,correto,P-correto,VP,1,1,0.977039770397704,0.9193672839506173,0.947326575233552
42,correto,P-correto,VP,1,1,0.977039770397704,0.9193672839506173,0.947326575233552
42,correto,P-correto,VP,1,1,0.977039770397704,0.9193672839506173,0.947326575233552
42,correto,P-correto,VP,1,1,0.977039770397704,0.9193672839506173,0.947326575233552
36,incorreto,P-incorreto,VN,0,0,0.977039770397704,0.9193672839506173,0.947326575233552
39,incorreto,P-correto,FN,0,1,0.977039770397704,0.9193672839506173,0.947326575233552
38,incorreto,P-incorreto,VN,0,0,0.977039770397704,0.9193672839506173,0.947326575233552
42,correto,P-correto,VP,1,1,0.977039770397704,0.9193672839506173,0.947326575233552
42,correto,P-correto,VP,1,1,0.977039770397704,0.9193672839506173,0.947326575233552
53,incorreto,P-incorreto,VN,0,0,0.977039770397704,0.9193672839506173,0.947326575233552
36,incorreto,P-incorreto,VN,0,0,0.977039770397704,0.9193672839506173,0.947326575233552
42,correto,P-incorreto,FP,1,0,0.977039770397704,0.9193672839506173,0.947326575233552
42,correto,P-correto,VP,1,1,0.977039770397704,0.9193672839506173,0.947326575233552
42,correto,P-correto,VP,1,1,0.977039770397704,0.9193672839506173,0.947326575233552
42,correto,P-correto,VP,1,1,0.977039770397704,0.9193672839506173,0.947326575233552
42,correto,P-correto,VP,1,1,0.977039770397704,0.9193672839506173,0.947326575233552
42,correto,P-correto,VP,1,1,0.977039770397704,0.9193672839506173,0.947326575233552
42,correto,P-correto,VP,1,1,0.977039770397704,0.9193672839506173,0.947326575233552
42,correto,P-incorreto,FP,1,0,0.977039770397704,0.9193672839506173,0.947326575233552
42,correto,P-correto,VP,1,1,0.977039770397704,0.9193672839506173,0.947326575233552
42,correto,P-correto,VP,1,1,0.977039770397704,0.9193672839506173,0.947326575233552
42,correto,P-correto,VP,1,1,0.977039770397704,0.9193672839506173,0.947326575233552
42,correto,P-correto,VP,1,1,0.977039770397704,0.9193672839506173,0.947326575233552
42,correto,P-correto,VP,1,1,0.977039770397704,0.9193672839506173,0.947326575233552
41,incorreto,P-correto,FN,0,1,0.977039770397704,0.9193672839506173,0.947326575233552
42,correto,P-correto,VP,1,1,0.977039770397704,0.9193672839506173,0.947326575233552
42,correto,P-correto,VP,1,1,0.977039770397704,0.9193672839506173,0.947326575233552
42,correto,P-correto,VP,1,1,0.977039770397704,0.9193672839506173,0.947326575233552
42,correto,P-correto,VP,1,1,0.977039770397704,0.9193672839506173,0.947326575233552
42,correto,P-correto,VP,1,1,0.977039770397704,0.9193672839506173,0.947326575233552
42,correto,P-correto,VP,1,1,0.977039770397704,0.9193672839506173,0.947326575233552
42,correto,P-correto,VP,1,1,0.977039770397704,0.9193672839506173,0.947326575233552
42,correto,P-correto,VP,1,1,0.977039770397704,0.9193672839506173,0.947326575233552
42,correto,P-correto,VP,1,1,0.977039770397704,0.9193672839506173,0.947326575233552
42,correto,P-correto,VP,1,1,0.977039770397704,0.9193672839506173,0.947326575233552
42,correto,P-correto,VP,1,1,0.977039770397704,0.9193672839506173,0.947326575233552
42,correto,P-correto,VP,1,1,0.977039770397704,0.9193672839506173,0.947326575233552
42,correto,P-correto,VP,1,1,0.977039770397704,0.9193672839506173,0.947326575233552
42,correto,P-correto,VP,1,1,0.977039770397704,0.9193672839506173,0.947326575233552
42,correto,P-correto,VP,1,1,0.977039770397704,0.9193672839506173,0.947326575233552
42,correto,P-correto,VP,1,1,0.977039770397704,0.9193672839506173,0.947326575233552
42,correto,P-correto,VP,1,1,0.977039770397704,0.9193672839506173,0.947326575233552
42,correto,P-correto,VP,1,1,0.977039770397704,0.9193672839506173,0.947326575233552
42,correto,P-correto,VP,1,1,0.977039770397704,0.9193672839506173,0.947326575233552
42,correto,P-correto,VP,1,1,0.977039770397704,0.9193672839506173,0.947326575233552
42,correto,P-correto,VP,1,1,0.977039770397704,0.9193672839506173,0.947326575233552
42,correto,P-incorreto,FP,1,0,0.977039770397704,0.9193672839506173,0.947326575233552
42,correto,P-correto,VP,1,1,0.977039770397704,0.9193672839506173,0.947326575233552
42,correto,P-correto,VP,1,1,0.977039770397704,0.9193672839506173,0.947326575233552
42,correto,P-correto,VP,1,1,0.977039770397704,0.9193672839506173,0.947326575233552
42,correto,P-correto,VP,1,1,0.977039770397704,0.9193672839506173,0.947326575233552
39,incorreto,P-correto,FN,0,1,0.977039770397704,0.9193672839506173,0.947326575233552
42,correto,P-correto,VP,1,1,0.977039770397704,0.9193672839506173,0.947326575233552
42,correto,P-incorreto,FP,1,0,0.977039770397704,0.9193672839506173,0.947326575233552
42,correto,P-correto,VP,1,1,0.977039770397704,0.9193672839506173,0.947326575233552
42,correto,P-correto,VP,1,1,0.977039770397704,0.9193672839506173,0.947326575233552
42,correto,P-correto,VP,1,1,0.977039770397704,0.9193672839506173,0.947326575233552
42,correto,P-correto,VP,1,1,0.977039770397704,0.9193672839506173,0.947326575233552
42,correto,P-correto,VP,1,1,0.977039770397704,0.9193672839506173,0.947326575233552
42,correto,P-correto,VP,1,1,0.977039770397704,0.9193672839506173,0.947326575233552
42,correto,P-correto,VP,1,1,0.977039770397704,0.9193672839506173,0.947326575233552
42,correto,P-correto,VP,1,1,0.977039770397704,0.9193672839506173,0.947326575233552
42,correto,P-correto,VP,1,1,0.977039770397704,0.9193672839506173,0.947326575233552
42,correto,P-correto,VP,1,1,0.977039770397704,0.9193672839506173,0.947326575233552
42,correto,P-correto,VP,1,1,0.977039770397704,0.9193672839506173,0.947326575233552
42,correto,P-correto,VP,1,1,0.977039770397704,0.9193672839506173,0.947326575233552
42,correto,P-correto,VP,1,1,0.977039770397704,0.9193672839506173,0.947326575233552
42,correto,P-correto,VP,1,1,0.977039770397704,0.9193672839506173,0.947326575233552
46,incorreto,P-incorreto,VN,0,0,0.977039770397704,0.9193672839506173,0.947326575233552
42,correto,P-correto,VP,1,1,0.977039770397704,0.9193672839506173,0.947326575233552
42,correto,P-correto,VP,1,1,0.977039770397704,0.9193672839506173,0.947326575233552
42,correto,P-correto,VP,1,1,0.977039770397704,0.9193672839506173,0.947326575233552
42,correto,P-incorreto,FP,1,0,0.977039770397704,0.9193672839506173,0.947326575233552
42,correto,P-correto,VP,1,1,0.977039770397704,0.9193672839506173,0.947326575233552
44,incorreto,P-incorreto,VN,0,0,0.977039770397704,0.9193672839506173,0.947326575233552
42,correto,P-correto,VP,1,1,0.977039770397704,0.9193672839506173,0.947326575233552
42,correto,P-correto,VP,1,1,0.977039770397704,0.9193672839506173,0.947326575233552
42,correto,P-correto,VP,1,1,0.977039770397704,0.9193672839506173,0.947326575233552
42,correto,P-correto,VP,1,1,0.977039770397704,0.9193672839506173,0.947326575233552
42,correto,P-correto,VP,1,1,0.977039770397704,0.9193672839506173,0.947326575233552
50,incorreto,P-incorreto,VN,0,0,0.977039770397704,0.9193672839506173,0.947326575233552
42,correto,P-incorreto,FP,1,0,0.977039770397704,0.9193672839506173,0.947326575233552
57,incorreto,P-incorreto,VN,0,0,0.977039770397704,0.9193672839506173,0.947326575233552
42,correto,P-correto,VP,1,1,0.977039770397704,0.9193672839506173,0.947326575233552
42,correto,P-correto,VP,1,1,0.977039770397704,0.9193672839506173,0.947326575233552
42,correto,P-correto,VP,1,1,0.977039770397704,0.9193672839506173,0.947326575233552
47,incorreto,P-incorreto,VN,0,0,0.977039770397704,0.9193672839506173,0.947326575233552
42,correto,P-correto,VP,1,1,0.977039770397704,0.9193672839506173,0.947326575233552
42,correto,P-correto,VP,1,1,0.977039770397704,0.9193672839506173,0.947326575233552
42,incorreto,P-incorreto,VN,0,0,0.977039770397704,0.9193672839506173,0.947326575233552
42,correto,P-correto,VP,1,1,0.977039770397704,0.9193672839506173,0.947326575233552
29,incorreto,P-incorreto,VN,0,0,0.977039770397704,0.9193672839506173,0.947326575233552
42,correto,P-correto,VP,1,1,0.977039770397704,0.9193672839506173,0.947326575233552
49,incorreto,P-correto,FN,0,1,0.977039770397704,0.9193672839506173,0.947326575233552
39,incorreto,P-correto,FN,0,1,0.977039770397704,0.9193672839506173,0.947326575233552
42,correto,P-correto,VP,1,1,0.977039770397704,0.9193672839506173,0.947326575233552
42,correto,P-incorreto,FP,1,0,0.977039770397704,0.9193672839506173,0.947326575233552
42,correto,P-correto,VP,1,1,0.977039770397704,0.9193672839506173,0.947326575233552
42,correto,P-correto,VP,1,1,0.977039770397704,0.9193672839506173,0.947326575233552
35,incorreto,P-incorreto,VN,0,0,0.977039770397704,0.9193672839506173,0.947326575233552
42,correto,P-correto,VP,1,1,0.977039770397704,0.9193672839506173,0.947326575233552
42,correto,P-correto,VP,1,1,0.977039770397704,0.9193672839506173,0.947326575233552
42,correto,P-correto,VP,1,1,0.977039770397704,0.9193672839506173,0.947326575233552
42,correto,P-correto,VP,1,1,0.977039770397704,0.9193672839506173,0.947326575233552
42,correto,P-correto,VP,1,1,0.977039770397704,0.9193672839506173,0.947326575233552
42,correto,P-correto,VP,1,1,0.977039770397704,0.9193672839506173,0.947326575233552
42,correto,P-correto,VP,1,1,0.977039770397704,0.9193672839506173,0.947326575233552
42,correto,P-correto,VP,1,1,0.977039770397704,0.9193672839506173,0.947326575233552
42,correto,P-correto,VP,1,1,0.977039770397704,0.9193672839506173,0.947326575233552
42,correto,P-correto,VP,1,1,0.977039770397704,0.9193672839506173,0.947326575233552
42,correto,P-correto,VP,1,1,0.977039770397704,0.9193672839506173,0.947326575233552
42,correto,P-correto,VP,1,1,0.977039770397704,0.9193672839506173,0.947326575233552
42,correto,P-correto,VP,1,1,0.977039770397704,0.9193672839506173,0.947326575233552
42,correto,P-correto,VP,1,1,0.977039770397704,0.9193672839506173,0.947326575233552
42,correto,P-correto,VP,1,1,0.977039770397704,0.9193672839506173,0.947326575233552
42,correto,P-correto,VP,1,1,0.977039770397704,0.9193672839506173,0.947326575233552
42,correto,P-correto,VP,1,1,0.977039770397704,0.9193672839506173,0.947326575233552
42,correto,P-correto,VP,1,1,0.977039770397704,0.9193672839506173,0.947326575233552
42,correto,P-correto,VP,1,1,0.977039770397704,0.9193672839506173,0.947326575233552
42,correto,P-incorreto,FP,1,0,0.977039770397704,0.9193672839506173,0.947326575233552
42,correto,P-correto,VP,1,1,0.977039770397704,0.9193672839506173,0.947326575233552
42,correto,P-correto,VP,1,1,0.977039770397704,0.9193672839506173,0.947326575233552
42,correto,P-correto,VP,1,1,0.977039770397704,0.9193672839506173,0.947326575233552
42,correto,P-correto,VP,1,1,0.977039770397704,0.9193672839506173,0.947326575233552
42,correto,P-correto,VP,1,1,0.977039770397704,0.9193672839506173,0.947326575233552
42,correto,P-correto,VP,1,1,0.977039770397704,0.9193672839506173,0.947326575233552
33,incorreto,P-incorreto,VN,0,0,0.977039770397704,0.9193672839506173,0.947326575233552
42,correto,P-correto,VP,1,1,0.977039770397704,0.9193672839506173,0.947326575233552
42,correto,P-correto,VP,1,1,0.977039770397704,0.9193672839506173,0.947326575233552
42,correto,P-correto,VP,1,1,0.977039770397704,0.9193672839506173,0.947326575233552
42,correto,P-correto,VP,1,1,0.977039770397704,0.9193672839506173,0.947326575233552
42,correto,P-correto,VP,1,1,0.977039770397704,0.9193672839506173,0.947326575233552
42,correto,P-correto,VP,1,1,0.977039770397704,0.9193672839506173,0.947326575233552
42,correto,P-correto,VP,1,1,0.977039770397704,0.9193672839506173,0.947326575233552
35,incorreto,P-incorreto,VN,0,0,0.977039770397704,0.9193672839506173,0.947326575233552
42,correto,P-correto,VP,1,1,0.977039770397704,0.9193672839506173,0.947326575233552
47,incorreto,P-incorreto,VN,0,0,0.977039770397704,0.9193672839506173,0.947326575233552
42,correto,P-correto,VP,1,1,0.977039770397704,0.9193672839506173,0.947326575233552
42,correto,P-correto,VP,1,1,0.977039770397704,0.9193672839506173,0.947326575233552
62,incorreto,P-incorreto,VN,0,0,0.977039770397704,0.9193672839506173,0.947326575233552
42,correto,P-incorreto,FP,1,0,0.977039770397704,0.9193672839506173,0.947326575233552
42,correto,P-correto,VP,1,1,0.977039770397704,0.9193672839506173,0.947326575233552
42,correto,P-correto,VP,1,1,0.977039770397704,0.9193672839506173,0.947326575233552
42,correto,P-correto,VP,1,1,0.977039770397704,0.9193672839506173,0.947326575233552
42,correto,P-correto,VP,1,1,0.977039770397704,0.9193672839506173,0.947326575233552
42,correto,P-correto,VP,1,1,0.977039770397704,0.9193672839506173,0.947326575233552
42,correto,P-correto,VP,1,1,0.977039770397704,0.9193672839506173,0.947326575233552
42,correto,P-correto,VP,1,1,0.977039770397704,0.9193672839506173,0.947326575233552
42,correto,P-correto,VP,1,1,0.977039770397704,0.9193672839506173,0.947326575233552
42,correto,P-correto,VP,1,1,0.977039770397704,0.9193672839506173,0.947326575233552
42,correto,P-correto,VP,1,1,0.977039770397704,0.9193672839506173,0.947326575233552
42,correto,P-correto,VP,1,1,0.977039770397704,0.9193672839506173,0.947326575233552
42,correto,P-correto,VP,1,1,0.977039770397704,0.9193672839506173,0.947326575233552
42,correto,P-correto,VP,1,1,0.977039770397704,0.9193672839506173,0.947326575233552
45,incorreto,P-incorreto,VN,0,0,0.977039770397704,0.9193672839506173,0.947326575233552
42,correto,P-correto,VP,1,1,0.977039770397704,0.9193672839506173,0.947326575233552
42,correto,P-correto,VP,1,1,0.977039770397704,0.9193672839506173,0.947326575233552
42,correto,P-correto,VP,1,1,0.977039770397704,0.9193672839506173,0.947326575233552
65,incorreto,P-incorreto,VN,0,0,0.977039770397704,0.9193672839506173,0.947326575233552
42,correto,P-correto,VP,1,1,0.977039770397704,0.9193672839506173,0.947326575233552
50,incorreto,P-incorreto,VN,0,0,0.977039770397704,0.9193672839506173,0.947326575233552
42,correto,P-correto,VP,1,1,0.977039770397704,0.9193672839506173,0.947326575233552
42,correto,P-correto,VP,1,1,0.977039770397704,0.9193672839506173,0.947326575233552
42,correto,P-correto,VP,1,1,0.977039770397704,0.9193672839506173,0.947326575233552
42,correto,P-correto,VP,1,1,0.977039770397704,0.9193672839506173,0.947326575233552
42,correto,P-correto,VP,1,1,0.977039770397704,0.9193672839506173,0.947326575233552
42,correto,P-correto,VP,1,1,0.977039770397704,0.9193672839506173,0.947326575233552
42,correto,P-correto,VP,1,1,0.977039770397704,0.9193672839506173,0.947326575233552
42,correto,P-correto,VP,1,1,0.977039770397704,0.9193672839506173,0.947326575233552
42,correto,P-correto,VP,1,1,0.977039770397704,0.9193672839506173,0.947326575233552
55,incorreto,P-incorreto,VN,0,0,0.977039770397704,0.9193672839506173,0.947326575233552
42,correto,P-correto,VP,1,1,0.977039770397704,0.9193672839506173,0.947326575233552
42,correto,P-correto,VP,1,1,0.977039770397704,0.9193672839506173,0.947326575233552
42,correto,P-correto,VP,1,1,0.977039770397704,0.9193672839506173,0.947326575233552
42,correto,P-correto,VP,1,1,0.977039770397704,0.9193672839506173,0.947326575233552
42,correto,P-correto,VP,1,1,0.977039770397704,0.9193672839506173,0.947326575233552
42,correto,P-correto,VP,1,1,0.977039770397704,0.9193672839506173,0.947326575233552
42,correto,P-correto,VP,1,1,0.977039770397704,0.9193672839506173,0.947326575233552
42,correto,P-correto,VP,1,1,0.977039770397704,0.9193672839506173,0.947326575233552
42,correto,P-correto,VP,1,1,0.977039770397704,0.9193672839506173,0.947326575233552
42,correto,P-correto,VP,1,1,0.977039770397704,0.9193672839506173,0.947326575233552
42,correto,P-correto,VP,1,1,0.977039770397704,0.9193672839506173,0.947326575233552
42,correto,P-correto,VP,1,1,0.977039770397704,0.9193672839506173,0.947326575233552
39,incorreto,P-correto,FN,0,1,0.977039770397704,0.9193672839506173,0.947326575233552
42,correto,P-correto,VP,1,1,0.977039770397704,0.9193672839506173,0.947326575233552
42,incorreto,P-correto,FN,0,1,0.977039770397704,0.9193672839506173,0.947326575233552
42,correto,P-correto,VP,1,1,0.977039770397704,0.9193672839506173,0.947326575233552
42,correto,P-correto,VP,1,1,0.977039770397704,0.9193672839506173,0.947326575233552
42,correto,P-correto,VP,1,1,0.977039770397704,0.9193672839506173,0.947326575233552
30,incorreto,P-incorreto,VN,0,0,0.977039770397704,0.9193672839506173,0.947326575233552
42,correto,P-correto,VP,1,1,0.977039770397704,0.9193672839506173,0.947326575233552
49,incorreto,P-incorreto,VN,0,0,0.977039770397704,0.9193672839506173,0.947326575233552
32,incorreto,P-incorreto,VN,0,0,0.977039770397704,0.9193672839506173,0.947326575233552
42,correto,P-correto,VP,1,1,0.977039770397704,0.9193672839506173,0.947326575233552
42,correto,P-correto,VP,1,1,0.977039770397704,0.9193672839506173,0.947326575233552
42,correto,P-correto,VP,1,1,0.977039770397704,0.9193672839506173,0.947326575233552
42,correto,P-correto,VP,1,1,0.977039770397704,0.9193672839506173,0.947326575233552
52,incorreto,P-incorreto,VN,0,0,0.977039770397704,0.9193672839506173,0.947326575233552
42,correto,P-correto,VP,1,1,0.977039770397704,0.9193672839506173,0.947326575233552
42,correto,P-correto,VP,1,1,0.977039770397704,0.9193672839506173,0.947326575233552
42,correto,P-correto,VP,1,1,0.977039770397704,0.9193672839506173,0.947326575233552
42,correto,P-correto,VP,1,1,0.977039770397704,0.9193672839506173,0.947326575233552
42,correto,P-correto,VP,1,1,0.977039770397704,0.9193672839506173,0.947326575233552
42,correto,P-correto,VP,1,1,0.977039770397704,0.9193672839506173,0.947326575233552
42,correto,P-incorreto,FP,1,0,0.977039770397704,0.9193672839506173,0.947326575233552
42,correto,P-correto,VP,1,1,0.977039770397704,0.9193672839506173,0.947326575233552
42,correto,P-correto,VP,1,1,0.977039770397704,0.9193672839506173,0.947326575233552
42,correto,P-correto,VP,1,1,0.977039770397704,0.9193672839506173,0.947326575233552
40,incorreto,P-correto,FN,0,1,0.977039770397704,0.9193672839506173,0.947326575233552
42,correto,P-correto,VP,1,1,0.977039770397704,0.9193672839506173,0.947326575233552
54,incorreto,P-incorreto,VN,0,0,0.977039770397704,0.9193672839506173,0.947326575233552
42,correto,P-correto,VP,1,1,0.977039770397704,0.9193672839506173,0.947326575233552
42,correto,P-correto,VP,1,1,0.977039770397704,0.9193672839506173,0.947326575233552
42,correto,P-correto,VP,1,1,0.977039770397704,0.9193672839506173,0.947326575233552
42,correto,P-correto,VP,1,1,0.977039770397704,0.9193672839506173,0.947326575233552
42,correto,P-correto,VP,1,1,0.977039770397704,0.9193672839506173,0.947326575233552
42,correto,P-correto,VP,1,1,0.977039770397704,0.9193672839506173,0.947326575233552
42,correto,P-correto,VP,1,1,0.977039770397704,0.9193672839506173,0.947326575233552
42,correto,P-correto,VP,1,1,0.977039770397704,0.9193672839506173,0.947326575233552
42,correto,P-correto,VP,1,1,0.977039770397704,0.9193672839506173,0.947326575233552
42,correto,P-correto,VP,1,1,0.977039770397704,0.9193672839506173,0.947326575233552
42,correto,P-correto,VP,1,1,0.977039770397704,0.9193672839506173,0.947326575233552
42,correto,P-correto,VP,1,1,0.977039770397704,0.9193672839506173,0.947326575233552
42,correto,P-incorreto,FP,1,0,0.977039770397704,0.9193672839506173,0.947326575233552
42,correto,P-correto,VP,1,1,0.977039770397704,0.9193672839506173,0.947326575233552
42,correto,P-correto,VP,1,1,0.977039770397704,0.9193672839506173,0.947326575233552
42,correto,P-correto,VP,1,1,0.977039770397704,0.9193672839506173,0.947326575233552
42,correto,P-correto,VP,1,1,0.977039770397704,0.9193672839506173,0.947326575233552
42,correto,P-correto,VP,1,1,0.977039770397704,0.9193672839506173,0.947326575233552
42,correto,P-correto,VP,1,1,0.977039770397704,0.9193672839506173,0.947326575233552
42,correto,P-correto,VP,1,1,0.977039770397704,0.9193672839506173,0.947326575233552
42,correto,P-correto,VP,1,1,0.977039770397704,0.9193672839506173,0.947326575233552
42,correto,P-incorreto,FP,1,0,0.977039770397704,0.9193672839506173,0.947326575233552
42,correto,P-correto,VP,1,1,0.977039770397704,0.9193672839506173,0.947326575233552
42,correto,P-correto,VP,1,1,0.977039770397704,0.9193672839506173,0.947326575233552
42,correto,P-correto,VP,1,1,0.977039770397704,0.9193672839506173,0.947326575233552
42,correto,P-correto,VP,1,1,0.977039770397704,0.9193672839506173,0.947326575233552
42,correto,P-correto,VP,1,1,0.977039770397704,0.9193672839506173,0.947326575233552
42,correto,P-correto,VP,1,1,0.977039770397704,0.9193672839506173,0.947326575233552
42,correto,P-correto,VP,1,1,0.977039770397704,0.9193672839506173,0.947326575233552
22,incorreto,P-incorreto,VN,0,0,0.977039770397704,0.9193672839506173,0.947326575233552
42,correto,P-correto,VP,1,1,0.977039770397704,0.9193672839506173,0.947326575233552
40,incorreto,P-correto,FN,0,1,0.977039770397704,0.9193672839506173,0.947326575233552
42,correto,P-incorreto,FP,1,0,0.977039770397704,0.9193672839506173,0.947326575233552
42,correto,P-correto,VP,1,1,0.977039770397704,0.9193672839506173,0.947326575233552
42,correto,P-correto,VP,1,1,0.977039770397704,0.9193672839506173,0.947326575233552
42,correto,P-incorreto,FP,1,0,0.977039770397704,0.9193672839506173,0.947326575233552
42,correto,P-correto,VP,1,1,0.977039770397704,0.9193672839506173,0.947326575233552
42,correto,P-correto,VP,1,1,0.977039770397704,0.9193672839506173,0.947326575233552
42,correto,P-correto,VP,1,1,0.977039770397704,0.9193672839506173,0.947326575233552
42,correto,P-correto,VP,1,1,0.977039770397704,0.9193672839506173,0.947326575233552
42,correto,P-correto,VP,1,1,0.977039770397704,0.9193672839506173,0.947326575233552
42,correto,P-correto,VP,1,1,0.977039770397704,0.9193672839506173,0.947326575233552
42,correto,P-correto,VP,1,1,0.977039770397704,0.9193672839506173,0.947326575233552
42,correto,P-correto,VP,1,1,0.977039770397704,0.9193672839506173,0.947326575233552
42,correto,P-correto,VP,1,1,0.977039770397704,0.9193672839506173,0.947326575233552
42,correto,P-correto,VP,1,1,0.977039770397704,0.9193672839506173,0.947326575233552
42,correto,P-correto,VP,1,1,0.977039770397704,0.9193672839506173,0.947326575233552
42,correto,P-correto,VP,1,1,0.977039770397704,0.9193672839506173,0.947326575233552
42,correto,P-correto,VP,1,1,0.977039770397704,0.9193672839506173,0.947326575233552
42,correto,P-correto,VP,1,1,0.977039770397704,0.9193672839506173,0.947326575233552
42,correto,P-correto,VP,1,1,0.977039770397704,0.9193672839506173,0.947326575233552
42,correto,P-correto,VP,1,1,0.977039770397704,0.9193672839506173,0.947326575233552
42,correto,P-correto,VP,1,1,0.977039770397704,0.9193672839506173,0.947326575233552
42,correto,P-correto,VP,1,1,0.977039770397704,0.9193672839506173,0.947326575233552
42,correto,P-incorreto,FP,1,0,0.977039770397704,0.9193672839506173,0.947326575233552
42,correto,P-correto,VP,1,1,0.977039770397704,0.9193672839506173,0.947326575233552
41,incorreto,P-correto,FN,0,1,0.977039770397704,0.9193672839506173,0.947326575233552
42,correto,P-correto,VP,1,1,0.977039770397704,0.9193672839506173,0.947326575233552
42,correto,P-correto,VP,1,1,0.977039770397704,0.9193672839506173,0.947326575233552
25,incorreto,P-incorreto,VN,0,0,0.977039770397704,0.9193672839506173,0.947326575233552
42,correto,P-correto,VP,1,1,0.977039770397704,0.9193672839506173,0.947326575233552
42,correto,P-correto,VP,1,1,0.977039770397704,0.9193672839506173,0.947326575233552
42,correto,P-correto,VP,1,1,0.977039770397704,0.9193672839506173,0.947326575233552
42,correto,P-correto,VP,1,1,0.977039770397704,0.9193672839506173,0.947326575233552
35,incorreto,P-incorreto,VN,0,0,0.977039770397704,0.9193672839506173,0.947326575233552
42,correto,P-correto,VP,1,1,0.977039770397704,0.9193672839506173,0.947326575233552
42,correto,P-correto,VP,1,1,0.977039770397704,0.9193672839506173,0.947326575233552
42,correto,P-correto,VP,1,1,0.977039770397704,0.9193672839506173,0.947326575233552
42,correto,P-correto,VP,1,1,0.977039770397704,0.9193672839506173,0.947326575233552
42,correto,P-correto,VP,1,1,0.977039770397704,0.9193672839506173,0.947326575233552
42,correto,P-correto,VP,1,1,0.977039770397704,0.9193672839506173,0.947326575233552
42,correto,P-correto,VP,1,1,0.977039770397704,0.9193672839506173,0.947326575233552
42,correto,P-correto,VP,1,1,0.977039770397704,0.9193672839506173,0.947326575233552
35,incorreto,P-correto,FN,0,1,0.977039770397704,0.9193672839506173,0.947326575233552
42,correto,P-correto,VP,1,1,0.977039770397704,0.9193672839506173,0.947326575233552
42,correto,P-correto,VP,1,1,0.977039770397704,0.9193672839506173,0.947326575233552
37,incorreto,P-incorreto,VN,0,0,0.977039770397704,0.9193672839506173,0.947326575233552
42,correto,P-correto,VP,1,1,0.977039770397704,0.9193672839506173,0.947326575233552
42,correto,P-correto,VP,1,1,0.977039770397704,0.9193672839506173,0.947326575233552
42,correto,P-correto,VP,1,1,0.977039770397704,0.9193672839506173,0.947326575233552
42,correto,P-correto,VP,1,1,0.977039770397704,0.9193672839506173,0.947326575233552
42,correto,P-correto,VP,1,1,0.977039770397704,0.9193672839506173,0.947326575233552
42,correto,P-correto,VP,1,1,0.977039770397704,0.9193672839506173,0.947326575233552
42,correto,P-correto,VP,1,1,0.977039770397704,0.9193672839506173,0.947326575233552
42,correto,P-correto,VP,1,1,0.977039770397704,0.9193672839506173,0.947326575233552
42,correto,P-correto,VP,1,1,0.977039770397704,0.9193672839506173,0.947326575233552
42,incorreto,P-correto,FN,0,1,0.977039770397704,0.9193672839506173,0.947326575233552
42,correto,P-correto,VP,1,1,0.977039770397704,0.9193672839506173,0.947326575233552
42,correto,P-correto,VP,1,1,0.977039770397704,0.9193672839506173,0.947326575233552
42,correto,P-correto,VP,1,1,0.977039770397704,0.9193672839506173,0.947326575233552
42,correto,P-correto,VP,1,1,0.977039770397704,0.9193672839506173,0.947326575233552
42,correto,P-correto,VP,1,1,0.977039770397704,0.9193672839506173,0.947326575233552
42,correto,P-correto,VP,1,1,0.977039770397704,0.9193672839506173,0.947326575233552
42,correto,P-correto,VP,1,1,0.977039770397704,0.9193672839506173,0.947326575233552
42,correto,P-correto,VP,1,1,0.977039770397704,0.9193672839506173,0.947326575233552
42,correto,P-correto,VP,1,1,0.977039770397704,0.9193672839506173,0.947326575233552
42,correto,P-correto,VP,1,1,0.977039770397704,0.9193672839506173,0.947326575233552
42,correto,P-correto,VP,1,1,0.977039770397704,0.9193672839506173,0.947326575233552
42,correto,P-correto,VP,1,1,0.977039770397704,0.9193672839506173,0.947326575233552
42,correto,P-correto,VP,1,1,0.977039770397704,0.9193672839506173,0.947326575233552
42,correto,P-incorreto,FP,1,0,0.977039770397704,0.9193672839506173,0.947326575233552
42,correto,P-correto,VP,1,1,0.977039770397704,0.9193672839506173,0.947326575233552
42,correto,P-incorreto,FP,1,0,0.977039770397704,0.9193672839506173,0.947326575233552
47,incorreto,P-incorreto,VN,0,0,0.977039770397704,0.9193672839506173,0.947326575233552
42,correto,P-incorreto,FP,1,0,0.977039770397704,0.9193672839506173,0.947326575233552
42,correto,P-correto,VP,1,1,0.977039770397704,0.9193672839506173,0.947326575233552
70,incorreto,P-incorreto,VN,0,0,0.977039770397704,0.9193672839506173,0.947326575233552
42,correto,P-correto,VP,1,1,0.977039770397704,0.9193672839506173,0.947326575233552
26,incorreto,P-incorreto,VN,0,0,0.977039770397704,0.9193672839506173,0.947326575233552
42,correto,P-correto,VP,1,1,0.977039770397704,0.9193672839506173,0.947326575233552
42,correto,P-correto,VP,1,1,0.977039770397704,0.9193672839506173,0.947326575233552
53,incorreto,P-incorreto,VN,0,0,0.977039770397704,0.9193672839506173,0.947326575233552
42,correto,P-correto,VP,1,1,0.977039770397704,0.9193672839506173,0.947326575233552
42,correto,P-correto,VP,1,1,0.977039770397704,0.9193672839506173,0.947326575233552
42,correto,P-correto,VP,1,1,0.977039770397704,0.9193672839506173,0.947326575233552
42,correto,P-incorreto,FP,1,0,0.977039770397704,0.9193672839506173,0.947326575233552
42,correto,P-correto,VP,1,1,0.977039770397704,0.9193672839506173,0.947326575233552
42,correto,P-correto,VP,1,1,0.977039770397704,0.9193672839506173,0.947326575233552
42,correto,P-incorreto,FP,1,0,0.977039770397704,0.9193672839506173,0.947326575233552
42,correto,P-correto,VP,1,1,0.977039770397704,0.9193672839506173,0.947326575233552
42,correto,P-correto,VP,1,1,0.977039770397704,0.9193672839506173,0.947326575233552
42,correto,P-correto,VP,1,1,0.977039770397704,0.9193672839506173,0.947326575233552
42,correto,P-correto,VP,1,1,0.977039770397704,0.9193672839506173,0.947326575233552
42,correto,P-correto,VP,1,1,0.977039770397704,0.9193672839506173,0.947326575233552
42,correto,P-correto,VP,1,1,0.977039770397704,0.9193672839506173,0.947326575233552
42,correto,P-correto,VP,1,1,0.977039770397704,0.9193672839506173,0.947326575233552
42,correto,P-correto,VP,1,1,0.977039770397704,0.9193672839506173,0.947326575233552
42,correto,P-correto,VP,1,1,0.977039770397704,0.9193672839506173,0.947326575233552
46,incorreto,P-incorreto,VN,0,0,0.977039770397704,0.9193672839506173,0.947326575233552
28,incorreto,P-incorreto,VN,0,0,0.977039770397704,0.9193672839506173,0.947326575233552
42,correto,P-correto,VP,1,1,0.977039770397704,0.9193672839506173,0.947326575233552
42,correto,P-correto,VP,1,1,0.977039770397704,0.9193672839506173,0.947326575233552
42,correto,P-correto,VP,1,1,0.977039770397704,0.9193672839506173,0.947326575233552
42,correto,P-correto,VP,1,1,0.977039770397704,0.9193672839506173,0.947326575233552
42,correto,P-correto,VP,1,1,0.977039770397704,0.9193672839506173,0.947326575233552
46,incorreto,P-incorreto,VN,0,0,0.977039770397704,0.9193672839506173,0.947326575233552
42,correto,P-correto,VP,1,1,0.977039770397704,0.9193672839506173,0.947326575233552
42,correto,P-correto,VP,1,1,0.977039770397704,0.9193672839506173,0.947326575233552
58,incorreto,P-incorreto,VN,0,0,0.977039770397704,0.9193672839506173,0.947326575233552
42,correto,P-correto,VP,1,1,0.977039770397704,0.9193672839506173,0.947326575233552
42,correto,P-correto,VP,1,1,0.977039770397704,0.9193672839506173,0.947326575233552
42,correto,P-correto,VP,1,1,0.977039770397704,0.9193672839506173,0.947326575233552
42,correto,P-correto,VP,1,1,0.977039770397704,0.9193672839506173,0.947326575233552
42,correto,P-correto,VP,1,1,0.977039770397704,0.9193672839506173,0.947326575233552
42,correto,P-correto,VP,1,1,0.977039770397704,0.9193672839506173,0.947326575233552
42,correto,P-correto,VP,1,1,0.977039770397704,0.9193672839506173,0.947326575233552
42,correto,P-correto,VP,1,1,0.977039770397704,0.9193672839506173,0.947326575233552
42,correto,P-correto,VP,1,1,0.977039770397704,0.9193672839506173,0.947326575233552
42,correto,P-correto,VP,1,1,0.977039770397704,0.9193672839506173,0.947326575233552
42,correto,P-correto,VP,1,1,0.977039770397704,0.9193672839506173,0.947326575233552
42,correto,P-correto,VP,1,1,0.977039770397704,0.9193672839506173,0.947326575233552
42,correto,P-correto,VP,1,1,0.977039770397704,0.9193672839506173,0.947326575233552
42,correto,P-correto,VP,1,1,0.977039770397704,0.9193672839506173,0.947326575233552
42,correto,P-correto,VP,1,1,0.977039770397704,0.9193672839506173,0.947326575233552
42,correto,P-correto,VP,1,1,0.977039770397704,0.9193672839506173,0.947326575233552
42,correto,P-incorreto,FP,1,0,0.977039770397704,0.9193672839506173,0.947326575233552
42,correto,P-correto,VP,1,1,0.977039770397704,0.9193672839506173,0.947326575233552
42,correto,P-correto,VP,1,1,0.977039770397704,0.9193672839506173,0.947326575233552
42,correto,P-correto,VP,1,1,0.977039770397704,0.9193672839506173,0.947326575233552
42,correto,P-correto,VP,1,1,0.977039770397704,0.9193672839506173,0.947326575233552
42,correto,P-correto,VP,1,1,0.977039770397704,0.9193672839506173,0.947326575233552
42,correto,P-correto,VP,1,1,0.977039770397704,0.9193672839506173,0.947326575233552
42,correto,P-incorreto,FP,1,0,0.977039770397704,0.9193672839506173,0.947326575233552
42,correto,P-incorreto,FP,1,0,0.977039770397704,0.9193672839506173,0.947326575233552
42,correto,P-correto,VP,1,1,0.977039770397704,0.9193672839506173,0.947326575233552
42,correto,P-correto,VP,1,1,0.977039770397704,0.9193672839506173,0.947326575233552
42,correto,P-correto,VP,1,1,0.977039770397704,0.9193672839506173,0.947326575233552
42,correto,P-correto,VP,1,1,0.977039770397704,0.9193672839506173,0.947326575233552
42,correto,P-correto,VP,1,1,0.977039770397704,0.9193672839506173,0.947326575233552
26,incorreto,P-incorreto,VN,0,0,0.977039770397704,0.9193672839506173,0.947326575233552
42,correto,P-correto,VP,1,1,0.977039770397704,0.9193672839506173,0.947326575233552
42,correto,P-correto,VP,1,1,0.977039770397704,0.9193672839506173,0.947326575233552
42,correto,P-correto,VP,1,1,0.977039770397704,0.9193672839506173,0.947326575233552
42,correto,P-correto,VP,1,1,0.977039770397704,0.9193672839506173,0.947326575233552
42,correto,P-correto,VP,1,1,0.977039770397704,0.9193672839506173,0.947326575233552
42,correto,P-correto,VP,1,1,0.977039770397704,0.9193672839506173,0.947326575233552
42,correto,P-correto,VP,1,1,0.977039770397704,0.9193672839506173,0.947326575233552
42,correto,P-correto,VP,1,1,0.977039770397704,0.9193672839506173,0.947326575233552
42,correto,P-correto,VP,1,1,0.977039770397704,0.9193672839506173,0.947326575233552
42,correto,P-incorreto,FP,1,0,0.977039770397704,0.9193672839506173,0.947326575233552
42,correto,P-correto,VP,1,1,0.977039770397704,0.9193672839506173,0.947326575233552
50,incorreto,P-incorreto,VN,0,0,0.977039770397704,0.9193672839506173,0.947326575233552
42,correto,P-correto,VP,1,1,0.977039770397704,0.9193672839506173,0.947326575233552
42,correto,P-correto,VP,1,1,0.977039770397704,0.9193672839506173,0.947326575233552
42,correto,P-incorreto,FP,1,0,0.977039770397704,0.9193672839506173,0.947326575233552
42,correto,P-correto,VP,1,1,0.977039770397704,0.9193672839506173,0.947326575233552
42,correto,P-correto,VP,1,1,0.977039770397704,0.9193672839506173,0.947326575233552
42,correto,P-correto,VP,1,1,0.977039770397704,0.9193672839506173,0.947326575233552
42,correto,P-correto,VP,1,1,0.977039770397704,0.9193672839506173,0.947326575233552
42,correto,P-correto,VP,1,1,0.977039770397704,0.9193672839506173,0.947326575233552
42,correto,P-correto,VP,1,1,0.977039770397704,0.9193672839506173,0.947326575233552
42,correto,P-correto,VP,1,1,0.977039770397704,0.9193672839506173,0.947326575233552
42,correto,P-correto,VP,1,1,0.977039770397704,0.9193672839506173,0.947326575233552
42,correto,P-correto,VP,1,1,0.977039770397704,0.9193672839506173,0.947326575233552
42,correto,P-correto,VP,1,1,0.977039770397704,0.9193672839506173,0.947326575233552
42,correto,P-correto,VP,1,1,0.977039770397704,0.9193672839506173,0.947326575233552
42,correto,P-correto,VP,1,1,0.977039770397704,0.9193672839506173,0.947326575233552
42,correto,P-correto,VP,1,1,0.977039770397704,0.9193672839506173,0.947326575233552
42,correto,P-correto,VP,1,1,0.977039770397704,0.9193672839506173,0.947326575233552
42,correto,P-correto,VP,1,1,0.977039770397704,0.9193672839506173,0.947326575233552
42,correto,P-correto,VP,1,1,0.977039770397704,0.9193672839506173,0.947326575233552
42,correto,P-correto,VP,1,1,0.977039770397704,0.9193672839506173,0.947326575233552
17,incorreto,P-incorreto,VN,0,0,0.977039770397704,0.9193672839506173,0.947326575233552
42,correto,P-correto,VP,1,1,0.977039770397704,0.9193672839506173,0.947326575233552
42,correto,P-correto,VP,1,1,0.977039770397704,0.9193672839506173,0.947326575233552
42,correto,P-correto,VP,1,1,0.977039770397704,0.9193672839506173,0.947326575233552
42,correto,P-correto,VP,1,1,0.977039770397704,0.9193672839506173,0.947326575233552
29,incorreto,P-incorreto,VN,0,0,0.977039770397704,0.9193672839506173,0.947326575233552
42,correto,P-correto,VP,1,1,0.977039770397704,0.9193672839506173,0.947326575233552
42,correto,P-correto,VP,1,1,0.977039770397704,0.9193672839506173,0.947326575233552
42,correto,P-correto,VP,1,1,0.977039770397704,0.9193672839506173,0.947326575233552
42,correto,P-incorreto,FP,1,0,0.977039770397704,0.9193672839506173,0.947326575233552
42,correto,P-correto,VP,1,1,0.977039770397704,0.9193672839506173,0.947326575233552
42,correto,P-incorreto,FP,1,0,0.977039770397704,0.9193672839506173,0.947326575233552
44,incorreto,P-incorreto,VN,0,0,0.977039770397704,0.9193672839506173,0.947326575233552
42,correto,P-correto,VP,1,1,0.977039770397704,0.9193672839506173,0.947326575233552
42,correto,P-correto,VP,1,1,0.977039770397704,0.9193672839506173,0.947326575233552
42,correto,P-incorreto,FP,1,0,0.977039770397704,0.9193672839506173,0.947326575233552
42,correto,P-correto,VP,1,1,0.977039770397704,0.9193672839506173,0.947326575233552
42,correto,P-correto,VP,1,1,0.977039770397704,0.9193672839506173,0.947326575233552
42,correto,P-correto,VP,1,1,0.977039770397704,0.9193672839506173,0.947326575233552
42,correto,P-correto,VP,1,1,0.977039770397704,0.9193672839506173,0.947326575233552
42,correto,P-correto,VP,1,1,0.977039770397704,0.9193672839506173,0.947326575233552
42,correto,P-correto,VP,1,1,0.977039770397704,0.9193672839506173,0.947326575233552
64,incorreto,P-incorreto,VN,0,0,0.977039770397704,0.9193672839506173,0.947326575233552
42,correto,P-correto,VP,1,1,0.977039770397704,0.9193672839506173,0.947326575233552
42,correto,P-correto,VP,1,1,0.977039770397704,0.9193672839506173,0.947326575233552
42,correto,P-correto,VP,1,1,0.977039770397704,0.9193672839506173,0.947326575233552
42,correto,P-correto,VP,1,1,0.977039770397704,0.9193672839506173,0.947326575233552
42,correto,P-correto,VP,1,1,0.977039770397704,0.9193672839506173,0.947326575233552
42,correto,P-correto,VP,1,1,0.977039770397704,0.9193672839506173,0.947326575233552
42,correto,P-correto,VP,1,1,0.977039770397704,0.9193672839506173,0.947326575233552
42,correto,P-correto,VP,1,1,0.977039770397704,0.9193672839506173,0.947326575233552
42,correto,P-correto,VP,1,1,0.977039770397704,0.9193672839506173,0.947326575233552
42,correto,P-correto,VP,1,1,0.977039770397704,0.9193672839506173,0.947326575233552
42,correto,P-correto,VP,1,1,0.977039770397704,0.9193672839506173,0.947326575233552
42,correto,P-correto,VP,1,1,0.977039770397704,0.9193672839506173,0.947326575233552
42,correto,P-incorreto,FP,1,0,0.977039770397704,0.9193672839506173,0.947326575233552
42,correto,P-correto,VP,1,1,0.977039770397704,0.9193672839506173,0.947326575233552
42,correto,P-correto,VP,1,1,0.977039770397704,0.9193672839506173,0.947326575233552
42,correto,P-correto,VP,1,1,0.977039770397704,0.9193672839506173,0.947326575233552
42,correto,P-correto,VP,1,1,0.977039770397704,0.9193672839506173,0.947326575233552
40,incorreto,P-correto,FN,0,1,0.977039770397704,0.9193672839506173,0.947326575233552
42,correto,P-correto,VP,1,1,0.977039770397704,0.9193672839506173,0.947326575233552
42,correto,P-correto,VP,1,1,0.977039770397704,0.9193672839506173,0.947326575233552
42,correto,P-correto,VP,1,1,0.977039770397704,0.9193672839506173,0.947326575233552
42,correto,P-correto,VP,1,1,0.977039770397704,0.9193672839506173,0.947326575233552
36,incorreto,P-incorreto,VN,0,0,0.977039770397704,0.9193672839506173,0.947326575233552
42,correto,P-correto,VP,1,1,0.977039770397704,0.9193672839506173,0.947326575233552
42,correto,P-correto,VP,1,1,0.977039770397704,0.9193672839506173,0.947326575233552
51,incorreto,P-incorreto,VN,0,0,0.977039770397704,0.9193672839506173,0.947326575233552
45,incorreto,P-incorreto,VN,0,0,0.977039770397704,0.9193672839506173,0.947326575233552
42,correto,P-correto,VP,1,1,0.977039770397704,0.9193672839506173,0.947326575233552
42,correto,P-correto,VP,1,1,0.977039770397704,0.9193672839506173,0.947326575233552
42,correto,P-correto,VP,1,1,0.977039770397704,0.9193672839506173,0.947326575233552
42,correto,P-correto,VP,1,1,0.977039770397704,0.9193672839506173,0.947326575233552
32,incorreto,P-incorreto,VN,0,0,0.977039770397704,0.9193672839506173,0.947326575233552
42,correto,P-correto,VP,1,1,0.977039770397704,0.9193672839506173,0.947326575233552
42,correto,P-correto,VP,1,1,0.977039770397704,0.9193672839506173,0.947326575233552
42,correto,P-correto,VP,1,1,0.977039770397704,0.9193672839506173,0.947326575233552
42,correto,P-correto,VP,1,1,0.977039770397704,0.9193672839506173,0.947326575233552
42,correto,P-correto,VP,1,1,0.977039770397704,0.9193672839506173,0.947326575233552
42,correto,P-correto,VP,1,1,0.977039770397704,0.9193672839506173,0.947326575233552
42,correto,P-incorreto,FP,1,0,0.977039770397704,0.9193672839506173,0.947326575233552
42,correto,P-correto,VP,1,1,0.977039770397704,0.9193672839506173,0.947326575233552
42,correto,P-correto,VP,1,1,0.977039770397704,0.9193672839506173,0.947326575233552
42,correto,P-correto,VP,1,1,0.977039770397704,0.9193672839506173,0.947326575233552
42,correto,P-correto,VP,1,1,0.977039770397704,0.9193672839506173,0.947326575233552
42,correto,P-correto,VP,1,1,0.977039770397704,0.9193672839506173,0.947326575233552
42,correto,P-correto,VP,1,1,0.977039770397704,0.9193672839506173,0.947326575233552
42,correto,P-correto,VP,1,1,0.977039770397704,0.9193672839506173,0.947326575233552
42,correto,P-correto,VP,1,1,0.977039770397704,0.9193672839506173,0.947326575233552
42,correto,P-correto,VP,1,1,0.977039770397704,0.9193672839506173,0.947326575233552
42,correto,P-correto,VP,1,1,0.977039770397704,0.9193672839506173,0.947326575233552
42,correto,P-correto,VP,1,1,0.977039770397704,0.9193672839506173,0.947326575233552
42,correto,P-correto,VP,1,1,0.977039770397704,0.9193672839506173,0.947326575233552
56,incorreto,P-incorreto,VN,0,0,0.977039770397704,0.9193672839506173,0.947326575233552
42,correto,P-correto,VP,1,1,0.977039770397704,0.9193672839506173,0.947326575233552
42,correto,P-correto,VP,1,1,0.977039770397704,0.9193672839506173,0.947326575233552
42,correto,P-correto,VP,1,1,0.977039770397704,0.9193672839506173,0.947326575233552
42,correto,P-correto,VP,1,1,0.977039770397704,0.9193672839506173,0.947326575233552
42,correto,P-correto,VP,1,1,0.977039770397704,0.9193672839506173,0.947326575233552
42,correto,P-correto,VP,1,1,0.977039770397704,0.9193672839506173,0.947326575233552
42,correto,P-correto,VP,1,1,0.977039770397704,0.9193672839506173,0.947326575233552
42,correto,P-correto,VP,1,1,0.977039770397704,0.9193672839506173,0.947326575233552
42,correto,P-correto,VP,1,1,0.977039770397704,0.9193672839506173,0.947326575233552
42,correto,P-correto,VP,1,1,0.977039770397704,0.9193672839506173,0.947326575233552
42,correto,P-correto,VP,1,1,0.977039770397704,0.9193672839506173,0.947326575233552
42,correto,P-correto,VP,1,1,0.977039770397704,0.9193672839506173,0.947326575233552
42,correto,P-correto,VP,1,1,0.977039770397704,0.9193672839506173,0.947326575233552
42,correto,P-correto,VP,1,1,0.977039770397704,0.9193672839506173,0.947326575233552
42,correto,P-incorreto,FP,1,0,0.977039770397704,0.9193672839506173,0.947326575233552
42,correto,P-correto,VP,1,1,0.977039770397704,0.9193672839506173,0.947326575233552
41,incorreto,P-incorreto,VN,0,0,0.977039770397704,0.9193672839506173,0.947326575233552
42,correto,P-correto,VP,1,1,0.977039770397704,0.9193672839506173,0.947326575233552
42,correto,P-correto,VP,1,1,0.977039770397704,0.9193672839506173,0.947326575233552
42,correto,P-correto,VP,1,1,0.977039770397704,0.9193672839506173,0.947326575233552
42,correto,P-correto,VP,1,1,0.977039770397704,0.9193672839506173,0.947326575233552
42,correto,P-correto,VP,1,1,0.977039770397704,0.9193672839506173,0.947326575233552
42,correto,P-correto,VP,1,1,0.977039770397704,0.9193672839506173,0.947326575233552
42,correto,P-correto,VP,1,1,0.977039770397704,0.9193672839506173,0.947326575233552
42,correto,P-incorreto,FP,1,0,0.977039770397704,0.9193672839506173,0.947326575233552
42,correto,P-correto,VP,1,1,0.977039770397704,0.9193672839506173,0.947326575233552
42,correto,P-correto,VP,1,1,0.977039770397704,0.9193672839506173,0.947326575233552
42,correto,P-correto,VP,1,1,0.977039770397704,0.9193672839506173,0.947326575233552
42,correto,P-correto,VP,1,1,0.977039770397704,0.9193672839506173,0.947326575233552
58,incorreto,P-incorreto,VN,0,0,0.977039770397704,0.9193672839506173,0.947326575233552
42,correto,P-correto,VP,1,1,0.977039770397704,0.9193672839506173,0.947326575233552
42,correto,P-correto,VP,1,1,0.977039770397704,0.9193672839506173,0.947326575233552
42,correto,P-correto,VP,1,1,0.977039770397704,0.9193672839506173,0.947326575233552
42,correto,P-correto,VP,1,1,0.977039770397704,0.9193672839506173,0.947326575233552
42,correto,P-correto,VP,1,1,0.977039770397704,0.9193672839506173,0.947326575233552
42,correto,P-correto,VP,1,1,0.977039770397704,0.9193672839506173,0.947326575233552
42,correto,P-correto,VP,1,1,0.977039770397704,0.9193672839506173,0.947326575233552
42,correto,P-correto,VP,1,1,0.977039770397704,0.9193672839506173,0.947326575233552
42,correto,P-correto,VP,1,1,0.977039770397704,0.9193672839506173,0.947326575233552
43,incorreto,P-correto,FN,0,1,0.977039770397704,0.9193672839506173,0.947326575233552
42,correto,P-correto,VP,1,1,0.977039770397704,0.9193672839506173,0.947326575233552
35,incorreto,P-incorreto,VN,0,0,0.977039770397704,0.9193672839506173,0.947326575233552
42,correto,P-correto,VP,1,1,0.977039770397704,0.9193672839506173,0.947326575233552
37,incorreto,P-incorreto,VN,0,0,0.977039770397704,0.9193672839506173,0.947326575233552
42,correto,P-correto,VP,1,1,0.977039770397704,0.9193672839506173,0.947326575233552
42,correto,P-correto,VP,1,1,0.977039770397704,0.9193672839506173,0.947326575233552
42,correto,P-correto,VP,1,1,0.977039770397704,0.9193672839506173,0.947326575233552
51,incorreto,P-incorreto,VN,0,0,0.977039770397704,0.9193672839506173,0.947326575233552
36,incorreto,P-incorreto,VN,0,0,0.977039770397704,0.9193672839506173,0.947326575233552
42,correto,P-correto,VP,1,1,0.977039770397704,0.9193672839506173,0.947326575233552
42,correto,P-correto,VP,1,1,0.977039770397704,0.9193672839506173,0.947326575233552
42,correto,P-correto,VP,1,1,0.977039770397704,0.9193672839506173,0.947326575233552
42,correto,P-correto,VP,1,1,0.977039770397704,0.9193672839506173,0.947326575233552
42,correto,P-correto,VP,1,1,0.977039770397704,0.9193672839506173,0.947326575233552
42,correto,P-correto,VP,1,1,0.977039770397704,0.9193672839506173,0.947326575233552
42,correto,P-correto,VP,1,1,0.977039770397704,0.9193672839506173,0.947326575233552
40,incorreto,P-incorreto,VN,0,0,0.977039770397704,0.9193672839506173,0.947326575233552
42,correto,P-correto,VP,1,1,0.977039770397704,0.9193672839506173,0.947326575233552
42,correto,P-correto,VP,1,1,0.977039770397704,0.9193672839506173,0.947326575233552
42,correto,P-correto,VP,1,1,0.977039770397704,0.9193672839506173,0.947326575233552
42,correto,P-correto,VP,1,1,0.977039770397704,0.9193672839506173,0.947326575233552
42,correto,P-correto,VP,1,1,0.977039770397704,0.9193672839506173,0.947326575233552
42,correto,P-correto,VP,1,1,0.977039770397704,0.9193672839506173,0.947326575233552
42,correto,P-correto,VP,1,1,0.977039770397704,0.9193672839506173,0.947326575233552
42,correto,P-correto,VP,1,1,0.977039770397704,0.9193672839506173,0.947326575233552
42,correto,P-correto,VP,1,1,0.977039770397704,0.9193672839506173,0.947326575233552
42,correto,P-correto,VP,1,1,0.977039770397704,0.9193672839506173,0.947326575233552
42,correto,P-correto,VP,1,1,0.977039770397704,0.9193672839506173,0.947326575233552
42,correto,P-correto,VP,1,1,0.977039770397704,0.9193672839506173,0.947326575233552
42,correto,P-correto,VP,1,1,0.977039770397704,0.9193672839506173,0.947326575233552
42,correto,P-incorreto,FP,1,0,0.977039770397704,0.9193672839506173,0.947326575233552
34,incorreto,P-incorreto,VN,0,0,0.977039770397704,0.9193672839506173,0.947326575233552
42,correto,P-correto,VP,1,1,0.977039770397704,0.9193672839506173,0.947326575233552
42,correto,P-correto,VP,1,1,0.977039770397704,0.9193672839506173,0.947326575233552
42,correto,P-correto,VP,1,1,0.977039770397704,0.9193672839506173,0.947326575233552
55,incorreto,P-incorreto,VN,0,0,0.977039770397704,0.9193672839506173,0.947326575233552
42,correto,P-correto,VP,1,1,0.977039770397704,0.9193672839506173,0.947326575233552
42,correto,P-correto,VP,1,1,0.977039770397704,0.9193672839506173,0.947326575233552
42,correto,P-correto,VP,1,1,0.977039770397704,0.9193672839506173,0.947326575233552
42,correto,P-correto,VP,1,1,0.977039770397704,0.9193672839506173,0.947326575233552
35,incorreto,P-incorreto,VN,0,0,0.977039770397704,0.9193672839506173,0.947326575233552
43,incorreto,P-correto,FN,0,1,0.977039770397704,0.9193672839506173,0.947326575233552
42,correto,P-correto,VP,1,1,0.977039770397704,0.9193672839506173,0.947326575233552
42,correto,P-incorreto,FP,1,0,0.977039770397704,0.9193672839506173,0.947326575233552
42,correto,P-correto,VP,1,1,0.977039770397704,0.9193672839506173,0.947326575233552
42,correto,P-correto,VP,1,1,0.977039770397704,0.9193672839506173,0.947326575233552
42,correto,P-correto,VP,1,1,0.977039770397704,0.9193672839506173,0.947326575233552
42,correto,P-correto,VP,1,1,0.977039770397704,0.9193672839506173,0.947326575233552
42,correto,P-correto,VP,1,1,0.977039770397704,0.9193672839506173,0.947326575233552
42,correto,P-correto,VP,1,1,0.977039770397704,0.9193672839506173,0.947326575233552
54,incorreto,P-incorreto,VN,0,0,0.977039770397704,0.9193672839506173,0.947326575233552
42,correto,P-correto,VP,1,1,0.977039770397704,0.9193672839506173,0.947326575233552
42,correto,P-correto,VP,1,1,0.977039770397704,0.9193672839506173,0.947326575233552
42,correto,P-correto,VP,1,1,0.977039770397704,0.9193672839506173,0.947326575233552
42,correto,P-correto,VP,1,1,0.977039770397704,0.9193672839506173,0.947326575233552
32,incorreto,P-incorreto,VN,0,0,0.977039770397704,0.9193672839506173,0.947326575233552
42,correto,P-incorreto,FP,1,0,0.977039770397704,0.9193672839506173,0.947326575233552
42,correto,P-correto,VP,1,1,0.977039770397704,0.9193672839506173,0.947326575233552
42,correto,P-correto,VP,1,1,0.977039770397704,0.9193672839506173,0.947326575233552
47,incorreto,P-incorreto,VN,0,0,0.977039770397704,0.9193672839506173,0.947326575233552
42,correto,P-correto,VP,1,1,0.977039770397704,0.9193672839506173,0.947326575233552
31,incorreto,P-incorreto,VN,0,0,0.977039770397704,0.9193672839506173,0.947326575233552
42,correto,P-correto,VP,1,1,0.977039770397704,0.9193672839506173,0.947326575233552
42,correto,P-correto,VP,1,1,0.977039770397704,0.9193672839506173,0.947326575233552
42,correto,P-correto,VP,1,1,0.977039770397704,0.9193672839506173,0.947326575233552
42,correto,P-incorreto,FP,1,0,0.977039770397704,0.9193672839506173,0.947326575233552
42,correto,P-correto,VP,1,1,0.977039770397704,0.9193672839506173,0.947326575233552
42,correto,P-correto,VP,1,1,0.977039770397704,0.9193672839506173,0.947326575233552
42,correto,P-correto,VP,1,1,0.977039770397704,0.9193672839506173,0.947326575233552
42,correto,P-correto,VP,1,1,0.977039770397704,0.9193672839506173,0.947326575233552
42,correto,P-correto,VP,1,1,0.977039770397704,0.9193672839506173,0.947326575233552
42,correto,P-correto,VP,1,1,0.977039770397704,0.9193672839506173,0.947326575233552
42,correto,P-correto,VP,1,1,0.977039770397704,0.9193672839506173,0.947326575233552
42,correto,P-correto,VP,1,1,0.977039770397704,0.9193672839506173,0.947326575233552
42,correto,P-correto,VP,1,1,0.977039770397704,0.9193672839506173,0.947326575233552
42,correto,P-correto,VP,1,1,0.977039770397704,0.9193672839506173,0.947326575233552
42,correto,P-correto,VP,1,1,0.977039770397704,0.9193672839506173,0.947326575233552
46,incorreto,P-incorreto,VN,0,0,0.977039770397704,0.9193672839506173,0.947326575233552
42,correto,P-correto,VP,1,1,0.977039770397704,0.9193672839506173,0.947326575233552
42,correto,P-incorreto,FP,1,0,0.977039770397704,0.9193672839506173,0.947326575233552
42,correto,P-correto,VP,1,1,0.977039770397704,0.9193672839506173,0.947326575233552
42,correto,P-correto,VP,1,1,0.977039770397704,0.9193672839506173,0.947326575233552
42,correto,P-correto,VP,1,1,0.977039770397704,0.9193672839506173,0.947326575233552
31,incorreto,P-incorreto,VN,0,0,0.977039770397704,0.9193672839506173,0.947326575233552
42,correto,P-correto,VP,1,1,0.977039770397704,0.9193672839506173,0.947326575233552
51,incorreto,P-incorreto,VN,0,0,0.977039770397704,0.9193672839506173,0.947326575233552
42,correto,P-correto,VP,1,1,0.977039770397704,0.9193672839506173,0.947326575233552
42,correto,P-correto,VP,1,1,0.977039770397704,0.9193672839506173,0.947326575233552
42,correto,P-correto,VP,1,1,0.977039770397704,0.9193672839506173,0.947326575233552
42,correto,P-correto,VP,1,1,0.977039770397704,0.9193672839506173,0.947326575233552
42,correto,P-correto,VP,1,1,0.977039770397704,0.9193672839506173,0.947326575233552
42,correto,P-correto,VP,1,1,0.977039770397704,0.9193672839506173,0.947326575233552
42,correto,P-correto,VP,1,1,0.977039770397704,0.9193672839506173,0.947326575233552
42,correto,P-correto,VP,1,1,0.977039770397704,0.9193672839506173,0.947326575233552
42,correto,P-correto,VP,1,1,0.977039770397704,0.9193672839506173,0.947326575233552
22,incorreto,P-incorreto,VN,0,0,0.977039770397704,0.9193672839506173,0.947326575233552
42,correto,P-correto,VP,1,1,0.977039770397704,0.9193672839506173,0.947326575233552
42,correto,P-correto,VP,1,1,0.977039770397704,0.9193672839506173,0.947326575233552
42,correto,P-correto,VP,1,1,0.977039770397704,0.9193672839506173,0.947326575233552
42,correto,P-correto,VP,1,1,0.977039770397704,0.9193672839506173,0.947326575233552
43,incorreto,P-correto,FN,0,1,0.977039770397704,0.9193672839506173,0.947326575233552
42,correto,P-correto,VP,1,1,0.977039770397704,0.9193672839506173,0.947326575233552
42,correto,P-correto,VP,1,1,0.977039770397704,0.9193672839506173,0.947326575233552
42,correto,P-correto,VP,1,1,0.977039770397704,0.9193672839506173,0.947326575233552
42,correto,P-incorreto,FP,1,0,0.977039770397704,0.9193672839506173,0.947326575233552
42,correto,P-correto,VP,1,1,0.977039770397704,0.9193672839506173,0.947326575233552
42,correto,P-correto,VP,1,1,0.977039770397704,0.9193672839506173,0.947326575233552
42,correto,P-correto,VP,1,1,0.977039770397704,0.9193672839506173,0.947326575233552
42,correto,P-correto,VP,1,1,0.977039770397704,0.9193672839506173,0.947326575233552
42,correto,P-correto,VP,1,1,0.977039770397704,0.9193672839506173,0.947326575233552
42,correto,P-correto,VP,1,1,0.977039770397704,0.9193672839506173,0.947326575233552
42,correto,P-correto,VP,1,1,0.977039770397704,0.9193672839506173,0.947326575233552
42,correto,P-correto,VP,1,1,0.977039770397704,0.9193672839506173,0.947326575233552
42,correto,P-incorreto,FP,1,0,0.977039770397704,0.9193672839506173,0.947326575233552
42,correto,P-correto,VP,1,1,0.977039770397704,0.9193672839506173,0.947326575233552
42,correto,P-correto,VP,1,1,0.977039770397704,0.9193672839506173,0.947326575233552
42,correto,P-correto,VP,1,1,0.977039770397704,0.9193672839506173,0.947326575233552
42,correto,P-correto,VP,1,1,0.977039770397704,0.9193672839506173,0.947326575233552
23,incorreto,P-incorreto,VN,0,0,0.977039770397704,0.9193672839506173,0.947326575233552
42,correto,P-correto,VP,1,1,0.977039770397704,0.9193672839506173,0.947326575233552
42,correto,P-correto,VP,1,1,0.977039770397704,0.9193672839506173,0.947326575233552
42,correto,P-correto,VP,1,1,0.977039770397704,0.9193672839506173,0.947326575233552
42,correto,P-correto,VP,1,1,0.977039770397704,0.9193672839506173,0.947326575233552
42,correto,P-correto,VP,1,1,0.977039770397704,0.9193672839506173,0.947326575233552
42,correto,P-correto,VP,1,1,0.977039770397704,0.9193672839506173,0.947326575233552
26,incorreto,P-incorreto,VN,0,0,0.977039770397704,0.9193672839506173,0.947326575233552
42,correto,P-correto,VP,1,1,0.977039770397704,0.9193672839506173,0.947326575233552
42,correto,P-correto,VP,1,1,0.977039770397704,0.9193672839506173,0.947326575233552
42,correto,P-correto,VP,1,1,0.977039770397704,0.9193672839506173,0.947326575233552
42,correto,P-correto,VP,1,1,0.977039770397704,0.9193672839506173,0.947326575233552
42,correto,P-correto,VP,1,1,0.977039770397704,0.9193672839506173,0.947326575233552
37,incorreto,P-incorreto,VN,0,0,0.977039770397704,0.9193672839506173,0.947326575233552
42,correto,P-correto,VP,1,1,0.977039770397704,0.9193672839506173,0.947326575233552
42,correto,P-correto,VP,1,1,0.977039770397704,0.9193672839506173,0.947326575233552
55,incorreto,P-incorreto,VN,0,0,0.977039770397704,0.9193672839506173,0.947326575233552
42,correto,P-correto,VP,1,1,0.977039770397704,0.9193672839506173,0.947326575233552
42,correto,P-correto,VP,1,1,0.977039770397704,0.9193672839506173,0.947326575233552
42,correto,P-correto,VP,1,1,0.977039770397704,0.9193672839506173,0.947326575233552
42,correto,P-correto,VP,1,1,0.977039770397704,0.9193672839506173,0.947326575233552
42,correto,P-correto,VP,1,1,0.977039770397704,0.9193672839506173,0.947326575233552
42,correto,P-correto,VP,1,1,0.977039770397704,0.9193672839506173,0.947326575233552
42,correto,P-correto,VP,1,1,0.977039770397704,0.9193672839506173,0.947326575233552
44,incorreto,P-incorreto,VN,0,0,0.977039770397704,0.9193672839506173,0.947326575233552
42,correto,P-incorreto,FP,1,0,0.977039770397704,0.9193672839506173,0.947326575233552
42,correto,P-correto,VP,1,1,0.977039770397704,0.9193672839506173,0.947326575233552
62,incorreto,P-incorreto,VN,0,0,0.977039770397704,0.9193672839506173,0.947326575233552
47,incorreto,P-incorreto,VN,0,0,0.977039770397704,0.9193672839506173,0.947326575233552
42,correto,P-correto,VP,1,1,0.977039770397704,0.9193672839506173,0.947326575233552
38,incorreto,P-incorreto,VN,0,0,0.977039770397704,0.9193672839506173,0.947326575233552
42,correto,P-correto,VP,1,1,0.977039770397704,0.9193672839506173,0.947326575233552
42,correto,P-correto,VP,1,1,0.977039770397704,0.9193672839506173,0.947326575233552
42,correto,P-correto,VP,1,1,0.977039770397704,0.9193672839506173,0.947326575233552
42,correto,P-correto,VP,1,1,0.977039770397704,0.9193672839506173,0.947326575233552
42,correto,P-correto,VP,1,1,0.977039770397704,0.9193672839506173,0.947326575233552
42,correto,P-correto,VP,1,1,0.977039770397704,0.9193672839506173,0.947326575233552
42,correto,P-correto,VP,1,1,0.977039770397704,0.9193672839506173,0.947326575233552
20,incorreto,P-incorreto,VN,0,0,0.977039770397704,0.9193672839506173,0.947326575233552
42,correto,P-correto,VP,1,1,0.977039770397704,0.9193672839506173,0.947326575233552
42,correto,P-correto,VP,1,1,0.977039770397704,0.9193672839506173,0.947326575233552
42,correto,P-correto,VP,1,1,0.977039770397704,0.9193672839506173,0.947326575233552
42,correto,P-incorreto,FP,1,0,0.977039770397704,0.9193672839506173,0.947326575233552
42,correto,P-correto,VP,1,1,0.977039770397704,0.9193672839506173,0.947326575233552
42,correto,P-correto,VP,1,1,0.977039770397704,0.9193672839506173,0.947326575233552
39,incorreto,P-correto,FN,0,1,0.977039770397704,0.9193672839506173,0.947326575233552
42,correto,P-correto,VP,1,1,0.977039770397704,0.9193672839506173,0.947326575233552
42,correto,P-correto,VP,1,1,0.977039770397704,0.9193672839506173,0.947326575233552
42,correto,P-correto,VP,1,1,0.977039770397704,0.9193672839506173,0.947326575233552
42,correto,P-correto,VP,1,1,0.977039770397704,0.9193672839506173,0.947326575233552
42,correto,P-correto,VP,1,1,0.977039770397704,0.9193672839506173,0.947326575233552
42,correto,P-correto,VP,1,1,0.977039770397704,0.9193672839506173,0.947326575233552
42,correto,P-correto,VP,1,1,0.977039770397704,0.9193672839506173,0.947326575233552
42,correto,P-correto,VP,1,1,0.977039770397704,0.9193672839506173,0.947326575233552
42,correto,P-correto,VP,1,1,0.977039770397704,0.9193672839506173,0.947326575233552
48,incorreto,P-incorreto,VN,0,0,0.977039770397704,0.9193672839506173,0.947326575233552
42,correto,P-correto,VP,1,1,0.977039770397704,0.9193672839506173,0.947326575233552
42,correto,P-correto,VP,1,1,0.977039770397704,0.9193672839506173,0.947326575233552
42,correto,P-correto,VP,1,1,0.977039770397704,0.9193672839506173,0.947326575233552
42,correto,P-correto,VP,1,1,0.977039770397704,0.9193672839506173,0.947326575233552
42,correto,P-correto,VP,1,1,0.977039770397704,0.9193672839506173,0.947326575233552
42,correto,P-correto,VP,1,1,0.977039770397704,0.9193672839506173,0.947326575233552
42,correto,P-correto,VP,1,1,0.977039770397704,0.9193672839506173,0.947326575233552
42,correto,P-correto,VP,1,1,0.977039770397704,0.9193672839506173,0.947326575233552
42,correto,P-correto,VP,1,1,0.977039770397704,0.9193672839506173,0.947326575233552
42,correto,P-incorreto,FP,1,0,0.977039770397704,0.9193672839506173,0.947326575233552
42,correto,P-correto,VP,1,1,0.977039770397704,0.9193672839506173,0.947326575233552
37,incorreto,P-incorreto,VN,0,0,0.977039770397704,0.9193672839506173,0.947326575233552
42,correto,P-correto,VP,1,1,0.977039770397704,0.9193672839506173,0.947326575233552
42,correto,P-correto,VP,1,1,0.977039770397704,0.9193672839506173,0.947326575233552
42,correto,P-correto,VP,1,1,0.977039770397704,0.9193672839506173,0.947326575233552
42,correto,P-correto,VP,1,1,0.977039770397704,0.9193672839506173,0.947326575233552
42,correto,P-correto,VP,1,1,0.977039770397704,0.9193672839506173,0.947326575233552
42,correto,P-correto,VP,1,1,0.977039770397704,0.9193672839506173,0.947326575233552
42,correto,P-correto,VP,1,1,0.977039770397704,0.9193672839506173,0.947326575233552
42,correto,P-correto,VP,1,1,0.977039770397704,0.9193672839506173,0.947326575233552
42,correto,P-correto,VP,1,1,0.977039770397704,0.9193672839506173,0.947326575233552
42,correto,P-correto,VP,1,1,0.977039770397704,0.9193672839506173,0.947326575233552
42,correto,P-correto,VP,1,1,0.977039770397704,0.9193672839506173,0.947326575233552
42,correto,P-correto,VP,1,1,0.977039770397704,0.9193672839506173,0.947326575233552
42,correto,P-correto,VP,1,1,0.977039770397704,0.9193672839506173,0.947326575233552
42,correto,P-incorreto,FP,1,0,0.977039770397704,0.9193672839506173,0.947326575233552
42,correto,P-correto,VP,1,1,0.977039770397704,0.9193672839506173,0.947326575233552
42,correto,P-correto,VP,1,1,0.977039770397704,0.9193672839506173,0.947326575233552
42,correto,P-correto,VP,1,1,0.977039770397704,0.9193672839506173,0.947326575233552
42,correto,P-correto,VP,1,1,0.977039770397704,0.9193672839506173,0.947326575233552
42,correto,P-incorreto,FP,1,0,0.977039770397704,0.9193672839506173,0.947326575233552
42,correto,P-correto,VP,1,1,0.977039770397704,0.9193672839506173,0.947326575233552
42,correto,P-correto,VP,1,1,0.977039770397704,0.9193672839506173,0.947326575233552
42,correto,P-correto,VP,1,1,0.977039770397704,0.9193672839506173,0.947326575233552
42,correto,P-correto,VP,1,1,0.977039770397704,0.9193672839506173,0.947326575233552
42,correto,P-correto,VP,1,1,0.977039770397704,0.9193672839506173,0.947326575233552
42,correto,P-correto,VP,1,1,0.977039770397704,0.9193672839506173,0.947326575233552
42,correto,P-correto,VP,1,1,0.977039770397704,0.9193672839506173,0.947326575233552
46,incorreto,P-incorreto,VN,0,0,0.977039770397704,0.9193672839506173,0.947326575233552
42,correto,P-incorreto,FP,1,0,0.977039770397704,0.9193672839506173,0.947326575233552
42,correto,P-correto,VP,1,1,0.977039770397704,0.9193672839506173,0.947326575233552
42,correto,P-correto,VP,1,1,0.977039770397704,0.9193672839506173,0.947326575233552
42,correto,P-incorreto,FP,1,0,0.977039770397704,0.9193672839506173,0.947326575233552
42,correto,P-correto,VP,1,1,0.977039770397704,0.9193672839506173,0.947326575233552
42,correto,P-correto,VP,1,1,0.977039770397704,0.9193672839506173,0.947326575233552
42,correto,P-correto,VP,1,1,0.977039770397704,0.9193672839506173,0.947326575233552
42,correto,P-correto,VP,1,1,0.977039770397704,0.9193672839506173,0.947326575233552
43,incorreto,P-correto,FN,0,1,0.977039770397704,0.9193672839506173,0.947326575233552
42,correto,P-correto,VP,1,1,0.977039770397704,0.9193672839506173,0.947326575233552
42,correto,P-correto,VP,1,1,0.977039770397704,0.9193672839506173,0.947326575233552
42,correto,P-correto,VP,1,1,0.977039770397704,0.9193672839506173,0.947326575233552
53,incorreto,P-incorreto,VN,0,0,0.977039770397704,0.9193672839506173,0.947326575233552
42,correto,P-correto,VP,1,1,0.977039770397704,0.9193672839506173,0.947326575233552
42,correto,P-correto,VP,1,1,0.977039770397704,0.9193672839506173,0.947326575233552
42,correto,P-correto,VP,1,1,0.977039770397704,0.9193672839506173,0.947326575233552
42,correto,P-correto,VP,1,1,0.977039770397704,0.9193672839506173,0.947326575233552
31,incorreto,P-incorreto,VN,0,0,0.977039770397704,0.9193672839506173,0.947326575233552
42,correto,P-correto,VP,1,1,0.977039770397704,0.9193672839506173,0.947326575233552
42,correto,P-correto,VP,1,1,0.977039770397704,0.9193672839506173,0.947326575233552
42,correto,P-correto,VP,1,1,0.977039770397704,0.9193672839506173,0.947326575233552
51,incorreto,P-incorreto,VN,0,0,0.977039770397704,0.9193672839506173,0.947326575233552
50,incorreto,P-incorreto,VN,0,0,0.977039770397704,0.9193672839506173,0.947326575233552
42,correto,P-correto,VP,1,1,0.977039770397704,0.9193672839506173,0.947326575233552
42,correto,P-correto,VP,1,1,0.977039770397704,0.9193672839506173,0.947326575233552
42,correto,P-correto,VP,1,1,0.977039770397704,0.9193672839506173,0.947326575233552
42,correto,P-correto,VP,1,1,0.977039770397704,0.9193672839506173,0.947326575233552
42,correto,P-correto,VP,1,1,0.977039770397704,0.9193672839506173,0.947326575233552
42,correto,P-incorreto,FP,1,0,0.977039770397704,0.9193672839506173,0.947326575233552
42,correto,P-correto,VP,1,1,0.977039770397704,0.9193672839506173,0.947326575233552
42,correto,P-correto,VP,1,1,0.977039770397704,0.9193672839506173,0.947326575233552
42,correto,P-correto,VP,1,1,0.977039770397704,0.9193672839506173,0.947326575233552
42,correto,P-correto,VP,1,1,0.977039770397704,0.9193672839506173,0.947326575233552
42,correto,P-correto,VP,1,1,0.977039770397704,0.9193672839506173,0.947326575233552
42,correto,P-correto,VP,1,1,0.977039770397704,0.9193672839506173,0.947326575233552
42,correto,P-correto,VP,1,1,0.977039770397704,0.9193672839506173,0.947326575233552
42,correto,P-correto,VP,1,1,0.977039770397704,0.9193672839506173,0.947326575233552
42,correto,P-correto,VP,1,1,0.977039770397704,0.9193672839506173,0.947326575233552
42,correto,P-correto,VP,1,1,0.977039770397704,0.9193672839506173,0.947326575233552
42,correto,P-correto,VP,1,1,0.977039770397704,0.9193672839506173,0.947326575233552
36,incorreto,P-incorreto,VN,0,0,0.977039770397704,0.9193672839506173,0.947326575233552
42,correto,P-correto,VP,1,1,0.977039770397704,0.9193672839506173,0.947326575233552
42,correto,P-correto,VP,1,1,0.977039770397704,0.9193672839506173,0.947326575233552
42,correto,P-correto,VP,1,1,0.977039770397704,0.9193672839506173,0.947326575233552
42,correto,P-correto,VP,1,1,0.977039770397704,0.9193672839506173,0.947326575233552
42,correto,P-correto,VP,1,1,0.977039770397704,0.9193672839506173,0.947326575233552
64,incorreto,P-incorreto,VN,0,0,0.977039770397704,0.9193672839506173,0.947326575233552
42,correto,P-correto,VP,1,1,0.977039770397704,0.9193672839506173,0.947326575233552
42,correto,P-correto,VP,1,1,0.977039770397704,0.9193672839506173,0.947326575233552
42,correto,P-incorreto,FP,1,0,0.977039770397704,0.9193672839506173,0.947326575233552
42,correto,P-correto,VP,1,1,0.977039770397704,0.9193672839506173,0.947326575233552
42,correto,P-correto,VP,1,1,0.977039770397704,0.9193672839506173,0.947326575233552
49,incorreto,P-incorreto,VN,0,0,0.977039770397704,0.9193672839506173,0.947326575233552
42,correto,P-correto,VP,1,1,0.977039770397704,0.9193672839506173,0.947326575233552
42,correto,P-correto,VP,1,1,0.977039770397704,0.9193672839506173,0.947326575233552
42,correto,P-correto,VP,1,1,0.977039770397704,0.9193672839506173,0.947326575233552
28,incorreto,P-incorreto,VN,0,0,0.977039770397704,0.9193672839506173,0.947326575233552
42,correto,P-correto,VP,1,1,0.977039770397704,0.9193672839506173,0.947326575233552
39,incorreto,P-correto,FN,0,1,0.977039770397704,0.9193672839506173,0.947326575233552
42,correto,P-correto,VP,1,1,0.977039770397704,0.9193672839506173,0.947326575233552
42,correto,P-correto,VP,1,1,0.977039770397704,0.9193672839506173,0.947326575233552
42,correto,P-correto,VP,1,1,0.977039770397704,0.9193672839506173,0.947326575233552
42,correto,P-correto,VP,1,1,0.977039770397704,0.9193672839506173,0.947326575233552
42,correto,P-correto,VP,1,1,0.977039770397704,0.9193672839506173,0.947326575233552
42,correto,P-correto,VP,1,1,0.977039770397704,0.9193672839506173,0.947326575233552
42,correto,P-correto,VP,1,1,0.977039770397704,0.9193672839506173,0.947326575233552
42,correto,P-correto,VP,1,1,0.977039770397704,0.9193672839506173,0.947326575233552
42,correto,P-correto,VP,1,1,0.977039770397704,0.9193672839506173,0.947326575233552
42,correto,P-incorreto,FP,1,0,0.977039770397704,0.9193672839506173,0.947326575233552
42,correto,P-correto,VP,1,1,0.977039770397704,0.9193672839506173,0.947326575233552
42,correto,P-incorreto,FP,1,0,0.977039770397704,0.9193672839506173,0.947326575233552
24,incorreto,P-incorreto,VN,0,0,0.977039770397704,0.9193672839506173,0.947326575233552
42,correto,P-correto,VP,1,1,0.977039770397704,0.9193672839506173,0.947326575233552
42,correto,P-correto,VP,1,1,0.977039770397704,0.9193672839506173,0.947326575233552
42,correto,P-correto,VP,1,1,0.977039770397704,0.9193672839506173,0.947326575233552
42,correto,P-correto,VP,1,1,0.977039770397704,0.9193672839506173,0.947326575233552
42,correto,P-correto,VP,1,1,0.977039770397704,0.9193672839506173,0.947326575233552
42,correto,P-correto,VP,1,1,0.977039770397704,0.9193672839506173,0.947326575233552
45,incorreto,P-correto,FN,0,1,0.977039770397704,0.9193672839506173,0.947326575233552
42,correto,P-correto,VP,1,1,0.977039770397704,0.9193672839506173,0.947326575233552
42,correto,P-correto,VP,1,1,0.977039770397704,0.9193672839506173,0.947326575233552
42,correto,P-correto,VP,1,1,0.977039770397704,0.9193672839506173,0.947326575233552
42,correto,P-correto,VP,1,1,0.977039770397704,0.9193672839506173,0.947326575233552
42,correto,P-correto,VP,1,1,0.977039770397704,0.9193672839506173,0.947326575233552
42,correto,P-incorreto,FP,1,0,0.977039770397704,0.9193672839506173,0.947326575233552
42,correto,P-incorreto,FP,1,0,0.977039770397704,0.9193672839506173,0.947326575233552
42,correto,P-correto,VP,1,1,0.977039770397704,0.9193672839506173,0.947326575233552
42,correto,P-correto,VP,1,1,0.977039770397704,0.9193672839506173,0.947326575233552
42,correto,P-correto,VP,1,1,0.977039770397704,0.9193672839506173,0.947326575233552
42,correto,P-correto,VP,1,1,0.977039770397704,0.9193672839506173,0.947326575233552
42,correto,P-correto,VP,1,1,0.977039770397704,0.9193672839506173,0.947326575233552
42,correto,P-correto,VP,1,1,0.977039770397704,0.9193672839506173,0.947326575233552
42,correto,P-correto,VP,1,1,0.977039770397704,0.9193672839506173,0.947326575233552
58,incorreto,P-incorreto,VN,0,0,0.977039770397704,0.9193672839506173,0.947326575233552
42,correto,P-correto,VP,1,1,0.977039770397704,0.9193672839506173,0.947326575233552
42,correto,P-correto,VP,1,1,0.977039770397704,0.9193672839506173,0.947326575233552
42,correto,P-correto,VP,1,1,0.977039770397704,0.9193672839506173,0.947326575233552
42,correto,P-correto,VP,1,1,0.977039770397704,0.9193672839506173,0.947326575233552
42,correto,P-correto,VP,1,1,0.977039770397704,0.9193672839506173,0.947326575233552
42,correto,P-correto,VP,1,1,0.977039770397704,0.9193672839506173,0.947326575233552
42,correto,P-correto,VP,1,1,0.977039770397704,0.9193672839506173,0.947326575233552
42,correto,P-correto,VP,1,1,0.977039770397704,0.9193672839506173,0.947326575233552
42,correto,P-correto,VP,1,1,0.977039770397704,0.9193672839506173,0.947326575233552
39,incorreto,P-correto,FN,0,1,0.977039770397704,0.9193672839506173,0.947326575233552
42,correto,P-correto,VP,1,1,0.977039770397704,0.9193672839506173,0.947326575233552
42,correto,P-correto,VP,1,1,0.977039770397704,0.9193672839506173,0.947326575233552
42,correto,P-correto,VP,1,1,0.977039770397704,0.9193672839506173,0.947326575233552
45,incorreto,P-incorreto,VN,0,0,0.977039770397704,0.9193672839506173,0.947326575233552
42,correto,P-correto,VP,1,1,0.977039770397704,0.9193672839506173,0.947326575233552
42,correto,P-correto,VP,1,1,0.977039770397704,0.9193672839506173,0.947326575233552
42,correto,P-correto,VP,1,1,0.977039770397704,0.9193672839506173,0.947326575233552
42,correto,P-correto,VP,1,1,0.977039770397704,0.9193672839506173,0.947326575233552
42,correto,P-incorreto,FP,1,0,0.977039770397704,0.9193672839506173,0.947326575233552
42,correto,P-correto,VP,1,1,0.977039770397704,0.9193672839506173,0.947326575233552
42,correto,P-incorreto,FP,1,0,0.977039770397704,0.9193672839506173,0.947326575233552
35,incorreto,P-incorreto,VN,0,0,0.977039770397704,0.9193672839506173,0.947326575233552
42,correto,P-correto,VP,1,1,0.977039770397704,0.9193672839506173,0.947326575233552
42,correto,P-correto,VP,1,1,0.977039770397704,0.9193672839506173,0.947326575233552
42,correto,P-correto,VP,1,1,0.977039770397704,0.9193672839506173,0.947326575233552
42,correto,P-correto,VP,1,1,0.977039770397704,0.9193672839506173,0.947326575233552
42,correto,P-incorreto,FP,1,0,0.977039770397704,0.9193672839506173,0.947326575233552
42,correto,P-correto,VP,1,1,0.977039770397704,0.9193672839506173,0.947326575233552
42,correto,P-correto,VP,1,1,0.977039770397704,0.9193672839506173,0.947326575233552
42,correto,P-correto,VP,1,1,0.977039770397704,0.9193672839506173,0.947326575233552
42,correto,P-correto,VP,1,1,0.977039770397704,0.9193672839506173,0.947326575233552
42,correto,P-correto,VP,1,1,0.977039770397704,0.9193672839506173,0.947326575233552
42,correto,P-correto,VP,1,1,0.977039770397704,0.9193672839506173,0.947326575233552
42,incorreto,P-correto,FN,0,1,0.977039770397704,0.9193672839506173,0.947326575233552
42,correto,P-correto,VP,1,1,0.977039770397704,0.9193672839506173,0.947326575233552
42,correto,P-correto,VP,1,1,0.977039770397704,0.9193672839506173,0.947326575233552
42,correto,P-correto,VP,1,1,0.977039770397704,0.9193672839506173,0.947326575233552
41,incorreto,P-correto,FN,0,1,0.977039770397704,0.9193672839506173,0.947326575233552
42,correto,P-correto,VP,1,1,0.977039770397704,0.9193672839506173,0.947326575233552
42,correto,P-correto,VP,1,1,0.977039770397704,0.9193672839506173,0.947326575233552
42,correto,P-correto,VP,1,1,0.977039770397704,0.9193672839506173,0.947326575233552
42,correto,P-correto,VP,1,1,0.977039770397704,0.9193672839506173,0.947326575233552
42,correto,P-correto,VP,1,1,0.977039770397704,0.9193672839506173,0.947326575233552
42,correto,P-correto,VP,1,1,0.977039770397704,0.9193672839506173,0.947326575233552
42,correto,P-correto,VP,1,1,0.977039770397704,0.9193672839506173,0.947326575233552
42,correto,P-correto,VP,1,1,0.977039770397704,0.9193672839506173,0.947326575233552
42,correto,P-correto,VP,1,1,0.977039770397704,0.9193672839506173,0.947326575233552
42,correto,P-correto,VP,1,1,0.977039770397704,0.9193672839506173,0.947326575233552
42,correto,P-correto,VP,1,1,0.977039770397704,0.9193672839506173,0.947326575233552
42,correto,P-correto,VP,1,1,0.977039770397704,0.9193672839506173,0.947326575233552
65,incorreto,P-incorreto,VN,0,0,0.977039770397704,0.9193672839506173,0.947326575233552
42,correto,P-correto,VP,1,1,0.977039770397704,0.9193672839506173,0.947326575233552
42,correto,P-correto,VP,1,1,0.977039770397704,0.9193672839506173,0.947326575233552
42,correto,P-correto,VP,1,1,0.977039770397704,0.9193672839506173,0.947326575233552
42,correto,P-correto,VP,1,1,0.977039770397704,0.9193672839506173,0.947326575233552
42,correto,P-correto,VP,1,1,0.977039770397704,0.9193672839506173,0.947326575233552
42,correto,P-correto,VP,1,1,0.977039770397704,0.9193672839506173,0.947326575233552
42,correto,P-correto,VP,1,1,0.977039770397704,0.9193672839506173,0.947326575233552
42,correto,P-correto,VP,1,1,0.977039770397704,0.9193672839506173,0.947326575233552
42,correto,P-correto,VP,1,1,0.977039770397704,0.9193672839506173,0.947326575233552
42,correto,P-correto,VP,1,1,0.977039770397704,0.9193672839506173,0.947326575233552
42,correto,P-correto,VP,1,1,0.977039770397704,0.9193672839506173,0.947326575233552
42,correto,P-correto,VP,1,1,0.977039770397704,0.9193672839506173,0.947326575233552
42,correto,P-correto,VP,1,1,0.977039770397704,0.9193672839506173,0.947326575233552
42,correto,P-correto,VP,1,1,0.977039770397704,0.9193672839506173,0.947326575233552
42,correto,P-correto,VP,1,1,0.977039770397704,0.9193672839506173,0.947326575233552
42,correto,P-correto,VP,1,1,0.977039770397704,0.9193672839506173,0.947326575233552
42,correto,P-correto,VP,1,1,0.977039770397704,0.9193672839506173,0.947326575233552
42,correto,P-correto,VP,1,1,0.977039770397704,0.9193672839506173,0.947326575233552
42,correto,P-correto,VP,1,1,0.977039770397704,0.9193672839506173,0.947326575233552
54,incorreto,P-incorreto,VN,0,0,0.977039770397704,0.9193672839506173,0.947326575233552
42,correto,P-correto,VP,1,1,0.977039770397704,0.9193672839506173,0.947326575233552
42,correto,P-correto,VP,1,1,0.977039770397704,0.9193672839506173,0.947326575233552
42,correto,P-correto,VP,1,1,0.977039770397704,0.9193672839506173,0.947326575233552
42,correto,P-incorreto,FP,1,0,0.977039770397704,0.9193672839506173,0.947326575233552
42,correto,P-incorreto,FP,1,0,0.977039770397704,0.9193672839506173,0.947326575233552
28,incorreto,P-incorreto,VN,0,0,0.977039770397704,0.9193672839506173,0.947326575233552
42,correto,P-correto,VP,1,1,0.977039770397704,0.9193672839506173,0.947326575233552
42,correto,P-correto,VP,1,1,0.977039770397704,0.9193672839506173,0.947326575233552
42,correto,P-correto,VP,1,1,0.977039770397704,0.9193672839506173,0.947326575233552
42,correto,P-correto,VP,1,1,0.977039770397704,0.9193672839506173,0.947326575233552
42,correto,P-correto,VP,1,1,0.977039770397704,0.9193672839506173,0.947326575233552
42,correto,P-correto,VP,1,1,0.977039770397704,0.9193672839506173,0.947326575233552
43,incorreto,P-correto,FN,0,1,0.977039770397704,0.9193672839506173,0.947326575233552
42,correto,P-correto,VP,1,1,0.977039770397704,0.9193672839506173,0.947326575233552
42,correto,P-correto,VP,1,1,0.977039770397704,0.9193672839506173,0.947326575233552
42,correto,P-correto,VP,1,1,0.977039770397704,0.9193672839506173,0.947326575233552
42,correto,P-correto,VP,1,1,0.977039770397704,0.9193672839506173,0.947326575233552
42,correto,P-correto,VP,1,1,0.977039770397704,0.9193672839506173,0.947326575233552
42,correto,P-correto,VP,1,1,0.977039770397704,0.9193672839506173,0.947326575233552
42,correto,P-correto,VP,1,1,0.977039770397704,0.9193672839506173,0.947326575233552
42,correto,P-correto,VP,1,1,0.977039770397704,0.9193672839506173,0.947326575233552
31,incorreto,P-incorreto,VN,0,0,0.977039770397704,0.9193672839506173,0.947326575233552
42,correto,P-correto,VP,1,1,0.977039770397704,0.9193672839506173,0.947326575233552
42,correto,P-correto,VP,1,1,0.977039770397704,0.9193672839506173,0.947326575233552
42,correto,P-incorreto,FP,1,0,0.977039770397704,0.9193672839506173,0.947326575233552
42,correto,P-correto,VP,1,1,0.977039770397704,0.9193672839506173,0.947326575233552
42,correto,P-correto,VP,1,1,0.977039770397704,0.9193672839506173,0.947326575233552
42,correto,P-correto,VP,1,1,0.977039770397704,0.9193672839506173,0.947326575233552
42,correto,P-correto,VP,1,1,0.977039770397704,0.9193672839506173,0.947326575233552
42,correto,P-incorreto,FP,1,0,0.977039770397704,0.9193672839506173,0.947326575233552
42,correto,P-correto,VP,1,1,0.977039770397704,0.9193672839506173,0.947326575233552
42,correto,P-correto,VP,1,1,0.977039770397704,0.9193672839506173,0.947326575233552
42,correto,P-correto,VP,1,1,0.977039770397704,0.9193672839506173,0.947326575233552
42,correto,P-incorreto,FP,1,0,0.977039770397704,0.9193672839506173,0.947326575233552
42,correto,P-correto,VP,1,1,0.977039770397704,0.9193672839506173,0.947326575233552
42,correto,P-correto,VP,1,1,0.977039770397704,0.9193672839506173,0.947326575233552
42,correto,P-correto,VP,1,1,0.977039770397704,0.9193672839506173,0.947326575233552
42,correto,P-correto,VP,1,1,0.977039770397704,0.9193672839506173,0.947326575233552
42,correto,P-correto,VP,1,1,0.977039770397704,0.9193672839506173,0.947326575233552
39,incorreto,P-correto,FN,0,1,0.977039770397704,0.9193672839506173,0.947326575233552
42,correto,P-correto,VP,1,1,0.977039770397704,0.9193672839506173,0.947326575233552
42,correto,P-correto,VP,1,1,0.977039770397704,0.9193672839506173,0.947326575233552
42,correto,P-correto,VP,1,1,0.977039770397704,0.9193672839506173,0.947326575233552
42,correto,P-correto,VP,1,1,0.977039770397704,0.9193672839506173,0.947326575233552
42,correto,P-correto,VP,1,1,0.977039770397704,0.9193672839506173,0.947326575233552
42,correto,P-correto,VP,1,1,0.977039770397704,0.9193672839506173,0.947326575233552
42,correto,P-correto,VP,1,1,0.977039770397704,0.9193672839506173,0.947326575233552
42,correto,P-correto,VP,1,1,0.977039770397704,0.9193672839506173,0.947326575233552
42,correto,P-correto,VP,1,1,0.977039770397704,0.9193672839506173,0.947326575233552
42,correto,P-correto,VP,1,1,0.977039770397704,0.9193672839506173,0.947326575233552
42,correto,P-correto,VP,1,1,0.977039770397704,0.9193672839506173,0.947326575233552
42,correto,P-correto,VP,1,1,0.977039770397704,0.9193672839506173,0.947326575233552
61,incorreto,P-incorreto,VN,0,0,0.977039770397704,0.9193672839506173,0.947326575233552
42,correto,P-correto,VP,1,1,0.977039770397704,0.9193672839506173,0.947326575233552
37,incorreto,P-incorreto,VN,0,0,0.977039770397704,0.9193672839506173,0.947326575233552
42,correto,P-correto,VP,1,1,0.977039770397704,0.9193672839506173,0.947326575233552
42,correto,P-correto,VP,1,1,0.977039770397704,0.9193672839506173,0.947326575233552
42,correto,P-incorreto,FP,1,0,0.977039770397704,0.9193672839506173,0.947326575233552
42,correto,P-correto,VP,1,1,0.977039770397704,0.9193672839506173,0.947326575233552
42,correto,P-incorreto,FP,1,0,0.977039770397704,0.9193672839506173,0.947326575233552
42,correto,P-incorreto,FP,1,0,0.977039770397704,0.9193672839506173,0.947326575233552
42,correto,P-correto,VP,1,1,0.977039770397704,0.9193672839506173,0.947326575233552
42,correto,P-correto,VP,1,1,0.977039770397704,0.9193672839506173,0.947326575233552
42,correto,P-correto,VP,1,1,0.977039770397704,0.9193672839506173,0.947326575233552
42,correto,P-correto,VP,1,1,0.977039770397704,0.9193672839506173,0.947326575233552
42,correto,P-correto,VP,1,1,0.977039770397704,0.9193672839506173,0.947326575233552
42,correto,P-correto,VP,1,1,0.977039770397704,0.9193672839506173,0.947326575233552
42,correto,P-correto,VP,1,1,0.977039770397704,0.9193672839506173,0.947326575233552
42,correto,P-correto,VP,1,1,0.977039770397704,0.9193672839506173,0.947326575233552
42,correto,P-correto,VP,1,1,0.977039770397704,0.9193672839506173,0.947326575233552
42,correto,P-correto,VP,1,1,0.977039770397704,0.9193672839506173,0.947326575233552
42,correto,P-correto,VP,1,1,0.977039770397704,0.9193672839506173,0.947326575233552
42,correto,P-correto,VP,1,1,0.977039770397704,0.9193672839506173,0.947326575233552
42,correto,P-correto,VP,1,1,0.977039770397704,0.9193672839506173,0.947326575233552
23,incorreto,P-incorreto,VN,0,0,0.977039770397704,0.9193672839506173,0.947326575233552
42,correto,P-correto,VP,1,1,0.977039770397704,0.9193672839506173,0.947326575233552
42,correto,P-correto,VP,1,1,0.977039770397704,0.9193672839506173,0.947326575233552
60,incorreto,P-incorreto,VN,0,0,0.977039770397704,0.9193672839506173,0.947326575233552
42,correto,P-correto,VP,1,1,0.977039770397704,0.9193672839506173,0.947326575233552
42,correto,P-correto,VP,1,1,0.977039770397704,0.9193672839506173,0.947326575233552
42,correto,P-correto,VP,1,1,0.977039770397704,0.9193672839506173,0.947326575233552
42,correto,P-correto,VP,1,1,0.977039770397704,0.9193672839506173,0.947326575233552
42,correto,P-correto,VP,1,1,0.977039770397704,0.9193672839506173,0.947326575233552
42,correto,P-correto,VP,1,1,0.977039770397704,0.9193672839506173,0.947326575233552
42,correto,P-correto,VP,1,1,0.977039770397704,0.9193672839506173,0.947326575233552
42,correto,P-correto,VP,1,1,0.977039770397704,0.9193672839506173,0.947326575233552
50,incorreto,P-incorreto,VN,0,0,0.977039770397704,0.9193672839506173,0.947326575233552
42,correto,P-correto,VP,1,1,0.977039770397704,0.9193672839506173,0.947326575233552
42,correto,P-correto,VP,1,1,0.977039770397704,0.9193672839506173,0.947326575233552
42,correto,P-correto,VP,1,1,0.977039770397704,0.9193672839506173,0.947326575233552
42,correto,P-correto,VP,1,1,0.977039770397704,0.9193672839506173,0.947326575233552
42,correto,P-correto,VP,1,1,0.977039770397704,0.9193672839506173,0.947326575233552
42,correto,P-correto,VP,1,1,0.977039770397704,0.9193672839506173,0.947326575233552
42,correto,P-incorreto,FP,1,0,0.977039770397704,0.9193672839506173,0.947326575233552
42,correto,P-correto,VP,1,1,0.977039770397704,0.9193672839506173,0.947326575233552
46,incorreto,P-incorreto,VN,0,0,0.977039770397704,0.9193672839506173,0.947326575233552
42,correto,P-correto,VP,1,1,0.977039770397704,0.9193672839506173,0.947326575233552
42,correto,P-correto,VP,1,1,0.977039770397704,0.9193672839506173,0.947326575233552
42,correto,P-correto,VP,1,1,0.977039770397704,0.9193672839506173,0.947326575233552
42,correto,P-correto,VP,1,1,0.977039770397704,0.9193672839506173,0.947326575233552
42,correto,P-correto,VP,1,1,0.977039770397704,0.9193672839506173,0.947326575233552
42,correto,P-correto,VP,1,1,0.977039770397704,0.9193672839506173,0.947326575233552
42,correto,P-correto,VP,1,1,0.977039770397704,0.9193672839506173,0.947326575233552
42,correto,P-correto,VP,1,1,0.977039770397704,0.9193672839506173,0.947326575233552
42,correto,P-correto,VP,1,1,0.977039770397704,0.9193672839506173,0.947326575233552
42,correto,P-correto,VP,1,1,0.977039770397704,0.9193672839506173,0.947326575233552
42,correto,P-correto,VP,1,1,0.977039770397704,0.9193672839506173,0.947326575233552
42,correto,P-correto,VP,1,1,0.977039770397704,0.9193672839506173,0.947326575233552
42,correto,P-correto,VP,1,1,0.977039770397704,0.9193672839506173,0.947326575233552
42,correto,P-correto,VP,1,1,0.977039770397704,0.9193672839506173,0.947326575233552
42,correto,P-correto,VP,1,1,0.977039770397704,0.9193672839506173,0.947326575233552
42,correto,P-correto,VP,1,1,0.977039770397704,0.9193672839506173,0.947326575233552
42,correto,P-correto,VP,1,1,0.977039770397704,0.9193672839506173,0.947326575233552
42,correto,P-correto,VP,1,1,0.977039770397704,0.9193672839506173,0.947326575233552
42,correto,P-correto,VP,1,1,0.977039770397704,0.9193672839506173,0.947326575233552
42,correto,P-correto,VP,1,1,0.977039770397704,0.9193672839506173,0.947326575233552
42,correto,P-correto,VP,1,1,0.977039770397704,0.9193672839506173,0.947326575233552
42,correto,P-correto,VP,1,1,0.977039770397704,0.9193672839506173,0.947326575233552
42,correto,P-correto,VP,1,1,0.977039770397704,0.9193672839506173,0.947326575233552
42,correto,P-correto,VP,1,1,0.977039770397704,0.9193672839506173,0.947326575233552
42,correto,P-correto,VP,1,1,0.977039770397704,0.9193672839506173,0.947326575233552
42,correto,P-correto,VP,1,1,0.977039770397704,0.9193672839506173,0.947326575233552
42,correto,P-correto,VP,1,1,0.977039770397704,0.9193672839506173,0.947326575233552
42,correto,P-correto,VP,1,1,0.977039770397704,0.9193672839506173,0.947326575233552
42,correto,P-correto,VP,1,1,0.977039770397704,0.9193672839506173,0.947326575233552
42,correto,P-correto,VP,1,1,0.977039770397704,0.9193672839506173,0.947326575233552
42,correto,P-correto,VP,1,1,0.977039770397704,0.9193672839506173,0.947326575233552
42,correto,P-correto,VP,1,1,0.977039770397704,0.9193672839506173,0.947326575233552
42,correto,P-correto,VP,1,1,0.977039770397704,0.9193672839506173,0.947326575233552
40,incorreto,P-correto,FN,0,1,0.977039770397704,0.9193672839506173,0.947326575233552
42,correto,P-correto,VP,1,1,0.977039770397704,0.9193672839506173,0.947326575233552
42,correto,P-correto,VP,1,1,0.977039770397704,0.9193672839506173,0.947326575233552
42,correto,P-correto,VP,1,1,0.977039770397704,0.9193672839506173,0.947326575233552
42,correto,P-correto,VP,1,1,0.977039770397704,0.9193672839506173,0.947326575233552
42,correto,P-correto,VP,1,1,0.977039770397704,0.9193672839506173,0.947326575233552
42,correto,P-correto,VP,1,1,0.977039770397704,0.9193672839506173,0.947326575233552
42,correto,P-correto,VP,1,1,0.977039770397704,0.9193672839506173,0.947326575233552
42,correto,P-correto,VP,1,1,0.977039770397704,0.9193672839506173,0.947326575233552
42,correto,P-correto,VP,1,1,0.977039770397704,0.9193672839506173,0.947326575233552
42,correto,P-correto,VP,1,1,0.977039770397704,0.9193672839506173,0.947326575233552
42,correto,P-correto,VP,1,1,0.977039770397704,0.9193672839506173,0.947326575233552
34,incorreto,P-incorreto,VN,0,0,0.977039770397704,0.9193672839506173,0.947326575233552
42,correto,P-correto,VP,1,1,0.977039770397704,0.9193672839506173,0.947326575233552
42,correto,P-correto,VP,1,1,0.977039770397704,0.9193672839506173,0.947326575233552
42,correto,P-correto,VP,1,1,0.977039770397704,0.9193672839506173,0.947326575233552
45,incorreto,P-incorreto,VN,0,0,0.977039770397704,0.9193672839506173,0.947326575233552
42,correto,P-correto,VP,1,1,0.977039770397704,0.9193672839506173,0.947326575233552
42,correto,P-correto,VP,1,1,0.977039770397704,0.9193672839506173,0.947326575233552
42,correto,P-correto,VP,1,1,0.977039770397704,0.9193672839506173,0.947326575233552
42,correto,P-correto,VP,1,1,0.977039770397704,0.9193672839506173,0.947326575233552
42,correto,P-correto,VP,1,1,0.977039770397704,0.9193672839506173,0.947326575233552
42,correto,P-correto,VP,1,1,0.977039770397704,0.9193672839506173,0.947326575233552
42,correto,P-correto,VP,1,1,0.977039770397704,0.9193672839506173,0.947326575233552
42,correto,P-correto,VP,1,1,0.977039770397704,0.9193672839506173,0.947326575233552
42,correto,P-correto,VP,1,1,0.977039770397704,0.9193672839506173,0.947326575233552
42,correto,P-correto,VP,1,1,0.977039770397704,0.9193672839506173,0.947326575233552
42,correto,P-correto,VP,1,1,0.977039770397704,0.9193672839506173,0.947326575233552
42,correto,P-correto,VP,1,1,0.977039770397704,0.9193672839506173,0.947326575233552
42,correto,P-correto,VP,1,1,0.977039770397704,0.9193672839506173,0.947326575233552
42,correto,P-correto,VP,1,1,0.977039770397704,0.9193672839506173,0.947326575233552
42,correto,P-correto,VP,1,1,0.977039770397704,0.9193672839506173,0.947326575233552
42,correto,P-correto,VP,1,1,0.977039770397704,0.9193672839506173,0.947326575233552
42,correto,P-correto,VP,1,1,0.977039770397704,0.9193672839506173,0.947326575233552
42,correto,P-correto,VP,1,1,0.977039770397704,0.9193672839506173,0.947326575233552
42,correto,P-correto,VP,1,1,0.977039770397704,0.9193672839506173,0.947326575233552
42,correto,P-correto,VP,1,1,0.977039770397704,0.9193672839506173,0.947326575233552
42,correto,P-correto,VP,1,1,0.977039770397704,0.9193672839506173,0.947326575233552
42,correto,P-incorreto,FP,1,0,0.977039770397704,0.9193672839506173,0.947326575233552
42,correto,P-correto,VP,1,1,0.977039770397704,0.9193672839506173,0.947326575233552
42,correto,P-correto,VP,1,1,0.977039770397704,0.9193672839506173,0.947326575233552
42,correto,P-correto,VP,1,1,0.977039770397704,0.9193672839506173,0.947326575233552
42,correto,P-correto,VP,1,1,0.977039770397704,0.9193672839506173,0.947326575233552
42,correto,P-correto,VP,1,1,0.977039770397704,0.9193672839506173,0.947326575233552
42,correto,P-correto,VP,1,1,0.977039770397704,0.9193672839506173,0.947326575233552
42,correto,P-correto,VP,1,1,0.977039770397704,0.9193672839506173,0.947326575233552
42,correto,P-correto,VP,1,1,0.977039770397704,0.9193672839506173,0.947326575233552
42,correto,P-correto,VP,1,1,0.977039770397704,0.9193672839506173,0.947326575233552
42,correto,P-incorreto,FP,1,0,0.977039770397704,0.9193672839506173,0.947326575233552
42,correto,P-correto,VP,1,1,0.977039770397704,0.9193672839506173,0.947326575233552
42,correto,P-correto,VP,1,1,0.977039770397704,0.9193672839506173,0.947326575233552
42,correto,P-correto,VP,1,1,0.977039770397704,0.9193672839506173,0.947326575233552
42,correto,P-correto,VP,1,1,0.977039770397704,0.9193672839506173,0.947326575233552
42,correto,P-correto,VP,1,1,0.977039770397704,0.9193672839506173,0.947326575233552
42,correto,P-incorreto,FP,1,0,0.977039770397704,0.9193672839506173,0.947326575233552
42,correto,P-correto,VP,1,1,0.977039770397704,0.9193672839506173,0.947326575233552
58,incorreto,P-incorreto,VN,0,0,0.977039770397704,0.9193672839506173,0.947326575233552
42,correto,P-correto,VP,1,1,0.977039770397704,0.9193672839506173,0.947326575233552
42,incorreto,P-correto,FN,0,1,0.977039770397704,0.9193672839506173,0.947326575233552
42,correto,P-correto,VP,1,1,0.977039770397704,0.9193672839506173,0.947326575233552
42,correto,P-correto,VP,1,1,0.977039770397704,0.9193672839506173,0.947326575233552
42,correto,P-incorreto,FP,1,0,0.977039770397704,0.9193672839506173,0.947326575233552
42,correto,P-correto,VP,1,1,0.977039770397704,0.9193672839506173,0.947326575233552
42,correto,P-correto,VP,1,1,0.977039770397704,0.9193672839506173,0.947326575233552
35,incorreto,P-incorreto,VN,0,0,0.977039770397704,0.9193672839506173,0.947326575233552
42,correto,P-correto,VP,1,1,0.977039770397704,0.9193672839506173,0.947326575233552
47,incorreto,P-incorreto,VN,0,0,0.977039770397704,0.9193672839506173,0.947326575233552
42,correto,P-correto,VP,1,1,0.977039770397704,0.9193672839506173,0.947326575233552
50,incorreto,P-incorreto,VN,0,0,0.977039770397704,0.9193672839506173,0.947326575233552
42,correto,P-correto,VP,1,1,0.977039770397704,0.9193672839506173,0.947326575233552
42,correto,P-correto,VP,1,1,0.977039770397704,0.9193672839506173,0.947326575233552
42,correto,P-correto,VP,1,1,0.977039770397704,0.9193672839506173,0.947326575233552
42,correto,P-correto,VP,1,1,0.977039770397704,0.9193672839506173,0.947326575233552
40,incorreto,P-correto,FN,0,1,0.977039770397704,0.9193672839506173,0.947326575233552
42,correto,P-correto,VP,1,1,0.977039770397704,0.9193672839506173,0.947326575233552
42,correto,P-correto,VP,1,1,0.977039770397704,0.9193672839506173,0.947326575233552
42,correto,P-correto,VP,1,1,0.977039770397704,0.9193672839506173,0.947326575233552
42,correto,P-correto,VP,1,1,0.977039770397704,0.9193672839506173,0.947326575233552
53,incorreto,P-correto,FN,0,1,0.977039770397704,0.9193672839506173,0.947326575233552
42,correto,P-correto,VP,1,1,0.977039770397704,0.9193672839506173,0.947326575233552
42,correto,P-correto,VP,1,1,0.977039770397704,0.9193672839506173,0.947326575233552
42,correto,P-correto,VP,1,1,0.977039770397704,0.9193672839506173,0.947326575233552
42,correto,P-correto,VP,1,1,0.977039770397704,0.9193672839506173,0.947326575233552
42,correto,P-correto,VP,1,1,0.977039770397704,0.9193672839506173,0.947326575233552
42,correto,P-correto,VP,1,1,0.977039770397704,0.9193672839506173,0.947326575233552
42,correto,P-correto,VP,1,1,0.977039770397704,0.9193672839506173,0.947326575233552
42,correto,P-correto,VP,1,1,0.977039770397704,0.9193672839506173,0.947326575233552
42,correto,P-correto,VP,1,1,0.977039770397704,0.9193672839506173,0.947326575233552
42,correto,P-correto,VP,1,1,0.977039770397704,0.9193672839506173,0.947326575233552
42,correto,P-correto,VP,1,1,0.977039770397704,0.9193672839506173,0.947326575233552
42,correto,P-correto,VP,1,1,0.977039770397704,0.9193672839506173,0.947326575233552
42,correto,P-correto,VP,1,1,0.977039770397704,0.9193672839506173,0.947326575233552
42,correto,P-correto,VP,1,1,0.977039770397704,0.9193672839506173,0.947326575233552
42,correto,P-correto,VP,1,1,0.977039770397704,0.9193672839506173,0.947326575233552
42,correto,P-correto,VP,1,1,0.977039770397704,0.9193672839506173,0.947326575233552
42,correto,P-correto,VP,1,1,0.977039770397704,0.9193672839506173,0.947326575233552
42,correto,P-correto,VP,1,1,0.977039770397704,0.9193672839506173,0.947326575233552
42,correto,P-correto,VP,1,1,0.977039770397704,0.9193672839506173,0.947326575233552
42,correto,P-correto,VP,1,1,0.977039770397704,0.9193672839506173,0.947326575233552
42,correto,P-correto,VP,1,1,0.977039770397704,0.9193672839506173,0.947326575233552
42,correto,P-correto,VP,1,1,0.977039770397704,0.9193672839506173,0.947326575233552
42,correto,P-incorreto,FP,1,0,0.977039770397704,0.9193672839506173,0.947326575233552
42,correto,P-correto,VP,1,1,0.977039770397704,0.9193672839506173,0.947326575233552
42,correto,P-correto,VP,1,1,0.977039770397704,0.9193672839506173,0.947326575233552
42,correto,P-correto,VP,1,1,0.977039770397704,0.9193672839506173,0.947326575233552
42,correto,P-correto,VP,1,1,0.977039770397704,0.9193672839506173,0.947326575233552
42,correto,P-correto,VP,1,1,0.977039770397704,0.9193672839506173,0.947326575233552
42,correto,P-correto,VP,1,1,0.977039770397704,0.9193672839506173,0.947326575233552
42,correto,P-correto,VP,1,1,0.977039770397704,0.9193672839506173,0.947326575233552
42,correto,P-correto,VP,1,1,0.977039770397704,0.9193672839506173,0.947326575233552
42,correto,P-correto,VP,1,1,0.977039770397704,0.9193672839506173,0.947326575233552
42,correto,P-correto,VP,1,1,0.977039770397704,0.9193672839506173,0.947326575233552
42,correto,P-correto,VP,1,1,0.977039770397704,0.9193672839506173,0.947326575233552
48,incorreto,P-incorreto,VN,0,0,0.977039770397704,0.9193672839506173,0.947326575233552
42,correto,P-correto,VP,1,1,0.977039770397704,0.9193672839506173,0.947326575233552
42,correto,P-correto,VP,1,1,0.977039770397704,0.9193672839506173,0.947326575233552
42,correto,P-correto,VP,1,1,0.977039770397704,0.9193672839506173,0.947326575233552
42,correto,P-correto,VP,1,1,0.977039770397704,0.9193672839506173,0.947326575233552
42,correto,P-correto,VP,1,1,0.977039770397704,0.9193672839506173,0.947326575233552
42,correto,P-correto,VP,1,1,0.977039770397704,0.9193672839506173,0.947326575233552
42,correto,P-correto,VP,1,1,0.977039770397704,0.9193672839506173,0.947326575233552
42,correto,P-correto,VP,1,1,0.977039770397704,0.9193672839506173,0.947326575233552
42,correto,P-correto,VP,1,1,0.977039770397704,0.9193672839506173,0.947326575233552
42,correto,P-correto,VP,1,1,0.977039770397704,0.9193672839506173,0.947326575233552
42,correto,P-correto,VP,1,1,0.977039770397704,0.9193672839506173,0.947326575233552
42,correto,P-correto,VP,1,1,0.977039770397704,0.9193672839506173,0.947326575233552
42,correto,P-correto,VP,1,1,0.977039770397704,0.9193672839506173,0.947326575233552
42,correto,P-correto,VP,1,1,0.977039770397704,0.9193672839506173,0.947326575233552
42,correto,P-correto,VP,1,1,0.977039770397704,0.9193672839506173,0.947326575233552
42,correto,P-correto,VP,1,1,0.977039770397704,0.9193672839506173,0.947326575233552
42,correto,P-correto,VP,1,1,0.977039770397704,0.9193672839506173,0.947326575233552
32,incorreto,P-incorreto,VN,0,0,0.977039770397704,0.9193672839506173,0.947326575233552
42,correto,P-correto,VP,1,1,0.977039770397704,0.9193672839506173,0.947326575233552
42,correto,P-correto,VP,1,1,0.977039770397704,0.9193672839506173,0.947326575233552
42,correto,P-correto,VP,1,1,0.977039770397704,0.9193672839506173,0.947326575233552
42,correto,P-correto,VP,1,1,0.977039770397704,0.9193672839506173,0.947326575233552
42,correto,P-correto,VP,1,1,0.977039770397704,0.9193672839506173,0.947326575233552
42,correto,P-correto,VP,1,1,0.977039770397704,0.9193672839506173,0.947326575233552
42,correto,P-correto,VP,1,1,0.977039770397704,0.9193672839506173,0.947326575233552
42,correto,P-correto,VP,1,1,0.977039770397704,0.9193672839506173,0.947326575233552
42,correto,P-correto,VP,1,1,0.977039770397704,0.9193672839506173,0.947326575233552
42,correto,P-correto,VP,1,1,0.977039770397704,0.9193672839506173,0.947326575233552
38,incorreto,P-incorreto,VN,0,0,0.977039770397704,0.9193672839506173,0.947326575233552
42,correto,P-correto,VP,1,1,0.977039770397704,0.9193672839506173,0.947326575233552
51,incorreto,P-incorreto,VN,0,0,0.977039770397704,0.9193672839506173,0.947326575233552
42,correto,P-correto,VP,1,1,0.977039770397704,0.9193672839506173,0.947326575233552
42,correto,P-correto,VP,1,1,0.977039770397704,0.9193672839506173,0.947326575233552
42,correto,P-correto,VP,1,1,0.977039770397704,0.9193672839506173,0.947326575233552
42,correto,P-correto,VP,1,1,0.977039770397704,0.9193672839506173,0.947326575233552
42,correto,P-correto,VP,1,1,0.977039770397704,0.9193672839506173,0.947326575233552
42,correto,P-correto,VP,1,1,0.977039770397704,0.9193672839506173,0.947326575233552
42,correto,P-correto,VP,1,1,0.977039770397704,0.9193672839506173,0.947326575233552
42,correto,P-correto,VP,1,1,0.977039770397704,0.9193672839506173,0.947326575233552
42,correto,P-correto,VP,1,1,0.977039770397704,0.9193672839506173,0.947326575233552
42,correto,P-correto,VP,1,1,0.977039770397704,0.9193672839506173,0.947326575233552
42,correto,P-correto,VP,1,1,0.977039770397704,0.9193672839506173,0.947326575233552
42,correto,P-correto,VP,1,1,0.977039770397704,0.9193672839506173,0.947326575233552
42,correto,P-correto,VP,1,1,0.977039770397704,0.9193672839506173,0.947326575233552
42,correto,P-correto,VP,1,1,0.977039770397704,0.9193672839506173,0.947326575233552
42,correto,P-correto,VP,1,1,0.977039770397704,0.9193672839506173,0.947326575233552
42,correto,P-correto,VP,1,1,0.977039770397704,0.9193672839506173,0.947326575233552
42,correto,P-correto,VP,1,1,0.977039770397704,0.9193672839506173,0.947326575233552
42,correto,P-correto,VP,1,1,0.977039770397704,0.9193672839506173,0.947326575233552
42,correto,P-correto,VP,1,1,0.977039770397704,0.9193672839506173,0.947326575233552
42,correto,P-correto,VP,1,1,0.977039770397704,0.9193672839506173,0.947326575233552
42,correto,P-correto,VP,1,1,0.977039770397704,0.9193672839506173,0.947326575233552
42,correto,P-correto,VP,1,1,0.977039770397704,0.9193672839506173,0.947326575233552
42,correto,P-correto,VP,1,1,0.977039770397704,0.9193672839506173,0.947326575233552
59,incorreto,P-incorreto,VN,0,0,0.977039770397704,0.9193672839506173,0.947326575233552
42,correto,P-correto,VP,1,1,0.977039770397704,0.9193672839506173,0.947326575233552
42,correto,P-correto,VP,1,1,0.977039770397704,0.9193672839506173,0.947326575233552
42,correto,P-correto,VP,1,1,0.977039770397704,0.9193672839506173,0.947326575233552
42,correto,P-correto,VP,1,1,0.977039770397704,0.9193672839506173,0.947326575233552
42,correto,P-incorreto,FP,1,0,0.977039770397704,0.9193672839506173,0.947326575233552
42,correto,P-correto,VP,1,1,0.977039770397704,0.9193672839506173,0.947326575233552
42,correto,P-correto,VP,1,1,0.977039770397704,0.9193672839506173,0.947326575233552
42,correto,P-correto,VP,1,1,0.977039770397704,0.9193672839506173,0.947326575233552
42,correto,P-correto,VP,1,1,0.977039770397704,0.9193672839506173,0.947326575233552
42,correto,P-correto,VP,1,1,0.977039770397704,0.9193672839506173,0.947326575233552
42,correto,P-correto,VP,1,1,0.977039770397704,0.9193672839506173,0.947326575233552
42,correto,P-correto,VP,1,1,0.977039770397704,0.9193672839506173,0.947326575233552
42,correto,P-incorreto,FP,1,0,0.977039770397704,0.9193672839506173,0.947326575233552
42,correto,P-correto,VP,1,1,0.977039770397704,0.9193672839506173,0.947326575233552
42,correto,P-correto,VP,1,1,0.977039770397704,0.9193672839506173,0.947326575233552
42,correto,P-correto,VP,1,1,0.977039770397704,0.9193672839506173,0.947326575233552
52,incorreto,P-incorreto,VN,0,0,0.977039770397704,0.9193672839506173,0.947326575233552
42,correto,P-correto,VP,1,1,0.977039770397704,0.9193672839506173,0.947326575233552
42,correto,P-correto,VP,1,1,0.977039770397704,0.9193672839506173,0.947326575233552
42,correto,P-correto,VP,1,1,0.977039770397704,0.9193672839506173,0.947326575233552
42,correto,P-correto,VP,1,1,0.977039770397704,0.9193672839506173,0.947326575233552
42,correto,P-correto,VP,1,1,0.977039770397704,0.9193672839506173,0.947326575233552
42,correto,P-correto,VP,1,1,0.977039770397704,0.9193672839506173,0.947326575233552
42,correto,P-incorreto,FP,1,0,0.977039770397704,0.9193672839506173,0.947326575233552
42,correto,P-correto,VP,1,1,0.977039770397704,0.9193672839506173,0.947326575233552
42,correto,P-correto,VP,1,1,0.977039770397704,0.9193672839506173,0.947326575233552
42,correto,P-correto,VP,1,1,0.977039770397704,0.9193672839506173,0.947326575233552
42,correto,P-correto,VP,1,1,0.977039770397704,0.9193672839506173,0.947326575233552
42,correto,P-correto,VP,1,1,0.977039770397704,0.9193672839506173,0.947326575233552
42,correto,P-correto,VP,1,1,0.977039770397704,0.9193672839506173,0.947326575233552
42,correto,P-correto,VP,1,1,0.977039770397704,0.9193672839506173,0.947326575233552
42,correto,P-correto,VP,1,1,0.977039770397704,0.9193672839506173,0.947326575233552
42,correto,P-correto,VP,1,1,0.977039770397704,0.9193672839506173,0.947326575233552
42,correto,P-correto,VP,1,1,0.977039770397704,0.9193672839506173,0.947326575233552
42,correto,P-correto,VP,1,1,0.977039770397704,0.9193672839506173,0.947326575233552
42,correto,P-correto,VP,1,1,0.977039770397704,0.9193672839506173,0.947326575233552
42,correto,P-correto,VP,1,1,0.977039770397704,0.9193672839506173,0.947326575233552
42,correto,P-correto,VP,1,1,0.977039770397704,0.9193672839506173,0.947326575233552
42,correto,P-correto,VP,1,1,0.977039770397704,0.9193672839506173,0.947326575233552
42,correto,P-correto,VP,1,1,0.977039770397704,0.9193672839506173,0.947326575233552
42,correto,P-correto,VP,1,1,0.977039770397704,0.9193672839506173,0.947326575233552
42,correto,P-correto,VP,1,1,0.977039770397704,0.9193672839506173,0.947326575233552
42,correto,P-correto,VP,1,1,0.977039770397704,0.9193672839506173,0.947326575233552
39,incorreto,P-correto,FN,0,1,0.977039770397704,0.9193672839506173,0.947326575233552
42,correto,P-correto,VP,1,1,0.977039770397704,0.9193672839506173,0.947326575233552
42,correto,P-correto,VP,1,1,0.977039770397704,0.9193672839506173,0.947326575233552
64,incorreto,P-incorreto,VN,0,0,0.977039770397704,0.9193672839506173,0.947326575233552
42,correto,P-correto,VP,1,1,0.977039770397704,0.9193672839506173,0.947326575233552
42,correto,P-correto,VP,1,1,0.977039770397704,0.9193672839506173,0.947326575233552
42,correto,P-correto,VP,1,1,0.977039770397704,0.9193672839506173,0.947326575233552
42,correto,P-correto,VP,1,1,0.977039770397704,0.9193672839506173,0.947326575233552
42,correto,P-correto,VP,1,1,0.977039770397704,0.9193672839506173,0.947326575233552
42,correto,P-correto,VP,1,1,0.977039770397704,0.9193672839506173,0.947326575233552
42,correto,P-correto,VP,1,1,0.977039770397704,0.9193672839506173,0.947326575233552
45,incorreto,P-incorreto,VN,0,0,0.977039770397704,0.9193672839506173,0.947326575233552
42,correto,P-correto,VP,1,1,0.977039770397704,0.9193672839506173,0.947326575233552
42,correto,P-correto,VP,1,1,0.977039770397704,0.9193672839506173,0.947326575233552
42,correto,P-correto,VP,1,1,0.977039770397704,0.9193672839506173,0.947326575233552
42,correto,P-correto,VP,1,1,0.977039770397704,0.9193672839506173,0.947326575233552
38,incorreto,P-incorreto,VN,0,0,0.977039770397704,0.9193672839506173,0.947326575233552
31,incorreto,P-correto,FN,0,1,0.977039770397704,0.9193672839506173,0.947326575233552
20,incorreto,P-incorreto,VN,0,0,0.977039770397704,0.9193672839506173,0.947326575233552
42,correto,P-incorreto,FP,1,0,0.977039770397704,0.9193672839506173,0.947326575233552
42,correto,P-correto,VP,1,1,0.977039770397704,0.9193672839506173,0.947326575233552
42,correto,P-correto,VP,1,1,0.977039770397704,0.9193672839506173,0.947326575233552
42,correto,P-correto,VP,1,1,0.977039770397704,0.9193672839506173,0.947326575233552
42,correto,P-correto,VP,1,1,0.977039770397704,0.9193672839506173,0.947326575233552
42,correto,P-correto,VP,1,1,0.977039770397704,0.9193672839506173,0.947326575233552
51,incorreto,P-incorreto,VN,0,0,0.977039770397704,0.9193672839506173,0.947326575233552
42,correto,P-correto,VP,1,1,0.977039770397704,0.9193672839506173,0.947326575233552
42,correto,P-correto,VP,1,1,0.977039770397704,0.9193672839506173,0.947326575233552
42,correto,P-correto,VP,1,1,0.977039770397704,0.9193672839506173,0.947326575233552
42,correto,P-correto,VP,1,1,0.977039770397704,0.9193672839506173,0.947326575233552
42,correto,P-incorreto,FP,1,0,0.977039770397704,0.9193672839506173,0.947326575233552
42,correto,P-correto,VP,1,1,0.977039770397704,0.9193672839506173,0.947326575233552
42,correto,P-correto,VP,1,1,0.977039770397704,0.9193672839506173,0.947326575233552
42,correto,P-correto,VP,1,1,0.977039770397704,0.9193672839506173,0.947326575233552
42,correto,P-correto,VP,1,1,0.977039770397704,0.9193672839506173,0.947326575233552
42,correto,P-correto,VP,1,1,0.977039770397704,0.9193672839506173,0.947326575233552
42,correto,P-correto,VP,1,1,0.977039770397704,0.9193672839506173,0.947326575233552
42,correto,P-correto,VP,1,1,0.977039770397704,0.9193672839506173,0.947326575233552
24,incorreto,P-incorreto,VN,0,0,0.977039770397704,0.9193672839506173,0.947326575233552
42,correto,P-correto,VP,1,1,0.977039770397704,0.9193672839506173,0.947326575233552
42,correto,P-correto,VP,1,1,0.977039770397704,0.9193672839506173,0.947326575233552
42,correto,P-correto,VP,1,1,0.977039770397704,0.9193672839506173,0.947326575233552
42,correto,P-correto,VP,1,1,0.977039770397704,0.9193672839506173,0.947326575233552
42,correto,P-correto,VP,1,1,0.977039770397704,0.9193672839506173,0.947326575233552
25,incorreto,P-incorreto,VN,0,0,0.977039770397704,0.9193672839506173,0.947326575233552
42,correto,P-correto,VP,1,1,0.977039770397704,0.9193672839506173,0.947326575233552
